-5 0.006929
-4.99756 0.00702543
-4.99512 0.00627371
-4.99268 0.00560303
-4.99023 0.00539493
-4.98779 0.00444148
-4.98535 0.00433381
-4.98291 0.00378678
-4.98047 0.00307483
-4.97803 0.00289837
-4.97559 0.00219937
-4.97314 0.00197108
-4.9707 0.00165337
-4.96826 0.00111195
-4.96582 0.000991033
-4.96338 0.000642405
-4.96094 0.000423913
-4.9585 0.000324419
-4.95605 0.00011095
-4.95361 5.54527e-05
-4.95117 9.38496e-05
-4.94873 1.95904e-05
-4.94629 6.37864e-05
-4.94385 0.000281095
-4.94141 0.00030024
-4.93896 0.000648644
-4.93652 0.000851946
-4.93408 0.000940422
-4.93164 0.00156324
-4.9292 0.00169503
-4.92676 0.00220523
-4.92432 0.00274662
-4.92188 0.00280061
-4.91943 0.00368921
-4.91699 0.00396917
-4.91455 0.00445442
-4.91211 0.00532243
-4.90967 0.00527418
-4.90723 0.00622482
-4.90479 0.00668187
-4.90234 0.00695113
-4.8999 0.00804552
-4.89746 0.00790581
-4.89502 0.00863669
-4.89258 0.0092773
-4.89014 0.00925059
-4.8877 0.0103335
-4.88525 0.01017
-4.88281 0.0104883
-4.88037 0.011215
-4.87793 0.0109086
-4.87549 0.0117561
-4.87305 0.0116044
-4.87061 0.0114295
-4.86816 0.0121193
-4.86572 0.0116067
-4.86328 0.0120384
-4.86084 0.0119704
-4.8584 0.0112927
-4.85596 0.0118316
-4.85352 0.0112735
-4.85107 0.0111347
-4.84863 0.0111938
-4.84619 0.0102007
-4.84375 0.0103939
-4.84131 0.00998679
-4.83887 0.00932164
-4.83643 0.00941798
-4.83398 0.00841613
-4.83154 0.00816879
-4.8291 0.00800587
-4.82666 0.0070215
-4.82422 0.00707207
-4.82178 0.0063101
-4.81934 0.00566923
-4.81689 0.00579427
-4.81445 0.00473589
-4.81201 0.00466463
-4.80957 0.00438577
-4.80713 0.00343312
-4.80469 0.00381415
-4.80225 0.00301664
-4.7998 0.00270322
-4.79736 0.00305324
-4.79492 0.00201168
-4.79248 0.00248154
-4.79004 0.00224882
-4.7876 0.00168208
-4.78516 0.00257039
-4.78271 0.00175403
-4.78027 0.00214635
-4.77783 0.00258442
-4.77539 0.00185767
-4.77295 0.00309761
-4.77051 0.00273739
-4.76807 0.00291727
-4.76562 0.00400276
-4.76318 0.00324157
-4.76074 0.00455214
-4.7583 0.00482041
-4.75586 0.00469309
-4.75342 0.00622719
-4.75098 0.00563331
-4.74854 0.00666982
-4.74609 0.00761042
-4.74365 0.00720526
-4.74121 0.0088336
-4.73877 0.00856517
-4.73633 0.00914454
-4.73389 0.0105481
-4.73145 0.00999404
-4.729 0.0113707
-4.72656 0.0114865
-4.72412 0.0115221
-4.72168 0.0130958
-4.71924 0.0125697
-4.7168 0.0133836
-4.71436 0.0138702
-4.71191 0.0134175
-4.70947 0.0147823
-4.70703 0.0144882
-4.70459 0.0145635
-4.70215 0.0152493
-4.69971 0.0145769
-4.69727 0.0153518
-4.69482 0.0153892
-4.69238 0.0148348
-4.68994 0.0154327
-4.6875 0.0147997
-4.68506 0.0148386
-4.68262 0.0151615
-4.68018 0.0142157
-4.67773 0.0144815
-4.67529 0.0141389
-4.67285 0.0134298
-4.67041 0.0139405
-4.66797 0.0129661
-4.66553 0.0126571
-4.66309 0.0128381
-4.66064 0.0115691
-4.6582 0.0120109
-4.65576 0.0114695
-4.65332 0.0104835
-4.65088 0.011164
-4.64844 0.00979959
-4.646 0.00987934
-4.64355 0.0100498
-4.64111 0.00856043
-4.63867 0.00954455
-4.63623 0.00854466
-4.63379 0.00811199
-4.63135 0.00908966
-4.62891 0.00735268
-4.62646 0.00844436
-4.62402 0.00816899
-4.62158 0.00714079
-4.61914 0.00886947
-4.6167 0.00726449
-4.61426 0.00810922
-4.61182 0.00885164
-4.60938 0.00731795
-4.60693 0.00943857
-4.60449 0.00843925
-4.60205 0.0087427
-4.59961 0.0104748
-4.59717 0.00874985
-4.59473 0.0107926
-4.59229 0.0106734
-4.58984 0.0103843
-4.5874 0.0127987
-4.58496 0.0112134
-4.58252 0.0127967
-4.58008 0.0136318
-4.57764 0.0127574
-4.5752 0.015469
-4.57275 0.0143331
-4.57031 0.0151391
-4.56787 0.0167758
-4.56543 0.0155745
-4.56299 0.0180172
-4.56055 0.017591
-4.55811 0.0175198
-4.55566 0.0195349
-4.55322 0.0183962
-4.55078 0.0200823
-4.54834 0.020389
-4.5459 0.0196289
-4.54346 0.0215215
-4.54102 0.0207174
-4.53857 0.0214667
-4.53613 0.0223188
-4.53369 0.0211799
-4.53125 0.0224896
-4.52881 0.0222605
-4.52637 0.0220592
-4.52393 0.023101
-4.52148 0.0220587
-4.51904 0.0224163
-4.5166 0.0227924
-4.51416 0.0219902
-4.51172 0.0227141
-4.50928 0.0222197
-4.50684 0.0215923
-4.50439 0.0223089
-4.50195 0.021447
-4.49951 0.021479
-4.49707 0.0217202
-4.49463 0.020372
-4.49219 0.0211301
-4.48975 0.0206817
-4.4873 0.0198272
-4.48486 0.0208664
-4.48242 0.0192256
-4.47998 0.0196195
-4.47754 0.0200794
-4.4751 0.0183079
-4.47266 0.0199111
-4.47021 0.0186614
-4.46777 0.0182397
-4.46533 0.0198305
-4.46289 0.0175123
-4.46045 0.0191702
-4.45801 0.0188918
-4.45557 0.0175752
-4.45312 0.0200777
-4.45068 0.0177693
-4.44824 0.0190275
-4.4458 0.0199997
-4.44336 0.017926
-4.44092 0.0209674
-4.43848 0.0191958
-4.43604 0.0196395
-4.43359 0.0219987
-4.43115 0.0193865
-4.42871 0.0224371
-4.42627 0.0217482
-4.42383 0.021071
-4.42139 0.0245186
-4.41895 0.0219656
-4.4165 0.0243438
-4.41406 0.0249958
-4.41162 0.0233208
-4.40918 0.0272295
-4.40674 0.0252738
-4.4043 0.0266013
-4.40186 0.0284031
-4.39941 0.0261351
-4.39697 0.0298153
-4.39453 0.0288061
-4.39209 0.028952
-4.38965 0.0315432
-4.38721 0.0291377
-4.38477 0.0319271
-4.38232 0.0321252
-4.37988 0.0311529
-4.37744 0.0339338
-4.375 0.0319668
-4.37256 0.0334594
-4.37012 0.0346602
-4.36768 0.0330998
-4.36523 0.0353611
-4.36279 0.0342288
-4.36035 0.034429
-4.35791 0.0361317
-4.35547 0.0345937
-4.35303 0.0358657
-4.35059 0.0356682
-4.34814 0.0349091
-4.3457 0.0365419
-4.34326 0.035602
-4.34082 0.0356207
-4.33838 0.0362606
-4.33594 0.0351535
-4.3335 0.0360363
-4.33105 0.036169
-4.32861 0.0350844
-4.32617 0.0360584
-4.32373 0.0353962
-4.32129 0.0350994
-4.31885 0.0363081
-4.31641 0.034724
-4.31396 0.0354154
-4.31152 0.0357607
-4.30908 0.0342874
-4.30664 0.0362678
-4.3042 0.0348445
-4.30176 0.0347674
-4.29932 0.0364797
-4.29688 0.0340158
-4.29443 0.0362974
-4.29199 0.0357717
-4.28955 0.0344916
-4.28711 0.0375984
-4.28467 0.0347697
-4.28223 0.0365361
-4.27979 0.0375846
-4.27734 0.0350623
-4.2749 0.0389975
-4.27246 0.0367479
-4.27002 0.0373133
-4.26758 0.0400403
-4.26514 0.0366963
-4.2627 0.0407813
-4.26025 0.039687
-4.25781 0.0388133
-4.25537 0.0429455
-4.25293 0.0393206
-4.25049 0.042841
-4.24805 0.0433605
-4.24561 0.0409714
-4.24316 0.0459798
-4.24072 0.042784
-4.23828 0.0449852
-4.23584 0.0473096
-4.2334 0.0437939
-4.23096 0.0486747
-4.22852 0.0467257
-4.22607 0.047254
-4.22363 0.0509015
-4.22119 0.047071
-4.21875 0.0509442
-4.21631 0.0505724
-4.21387 0.0495198
-4.21143 0.0538462
-4.20898 0.0503724
-4.20654 0.0527567
-4.2041 0.0538624
-4.20166 0.0517171
-4.19922 0.0558867
-4.19678 0.0534445
-4.19434 0.0540611
-4.19189 0.0562783
-4.18945 0.0538281
-4.18701 0.056939
-4.18457 0.0559777
-4.18213 0.0551425
-4.17969 0.0576477
-4.17725 0.0557554
-4.1748 0.0573681
-4.17236 0.0577598
-4.16992 0.0561744
-4.16748 0.0581744
-4.16504 0.057431
-4.1626 0.0575129
-4.16016 0.0588321
-4.15771 0.0573227
-4.15527 0.0581743
-4.15283 0.0588879
-4.15039 0.0578119
-4.14795 0.0592833
-4.14551 0.0588352
-4.14307 0.0581106
-4.14062 0.0600767
-4.13818 0.0587728
-4.13574 0.0594569
-4.1333 0.060646
-4.13086 0.058593
-4.12842 0.0611118
-4.12598 0.0604911
-4.12354 0.0598539
-4.12109 0.0626907
-4.11865 0.0599189
-4.11621 0.062241
-4.11377 0.0630101
-4.11133 0.060756
-4.10889 0.0649932
-4.10645 0.0623132
-4.104 0.0634945
-4.10156 0.0663034
-4.09912 0.0624723
-4.09668 0.0673204
-4.09424 0.065803
-4.0918 0.0651339
-4.08936 0.0698646
-4.08691 0.0652866
-4.08447 0.0695467
-4.08203 0.069973
-4.07959 0.0674323
-4.07715 0.0733291
-4.07471 0.0689634
-4.07227 0.0718354
-4.06982 0.0743939
-4.06738 0.0702749
-4.06494 0.0765506
-4.0625 0.0732284
-4.06006 0.0740343
-4.05762 0.0786686
-4.05518 0.0736425
-4.05273 0.0791894
-4.05029 0.0777921
-4.04785 0.0762332
-4.04541 0.082308
-4.04297 0.0774206
-4.04053 0.0812586
-4.03809 0.0819911
-4.03564 0.0786984
-4.0332 0.0849528
-4.03076 0.0812219
-4.02832 0.0829816
-4.02588 0.0854512
-4.02344 0.0812923
-4.021 0.0867228
-4.01855 0.0848091
-4.01611 0.0844793
-4.01367 0.088066
-4.01123 0.0840301
-4.00879 0.0877826
-4.00635 0.0879207
-4.00391 0.0860617
-4.00146 0.0897514
-3.99902 0.0869136
-3.99658 0.0885468
-3.99414 0.0903521
-3.9917 0.0880477
-3.98926 0.0908006
-3.98682 0.0896791
-3.98438 0.0895697
-3.98193 0.0921277
-3.97949 0.0904311
-3.97705 0.0916169
-3.97461 0.0923085
-3.97217 0.0911255
-3.96973 0.0934338
-3.96729 0.0933004
-3.96484 0.092622
-3.9624 0.0947385
-3.95996 0.0935757
-3.95752 0.0945375
-3.95508 0.0964863
-3.95264 0.0943879
-3.9502 0.0968361
-3.94775 0.0969436
-3.94531 0.0959543
-3.94287 0.0996641
-3.94043 0.097157
-3.93799 0.0988571
-3.93555 0.100922
-3.93311 0.098001
-3.93066 0.1028
-3.92822 0.100822
-3.92578 0.100975
-3.92334 0.105298
-3.9209 0.100833
-3.91846 0.105711
-3.91602 0.105414
-3.91357 0.103237
-3.91113 0.109614
-3.90869 0.104715
-3.90625 0.108171
-3.90381 0.110454
-3.90137 0.10603
-3.89893 0.11339
-3.89648 0.109415
-3.89404 0.110505
-3.8916 0.115295
-3.88916 0.109459
-3.88672 0.116554
-3.88428 0.114448
-3.88184 0.112875
-3.87939 0.119706
-3.87695 0.113283
-3.87451 0.119126
-3.87207 0.119549
-3.86963 0.115361
-3.86719 0.12324
-3.86475 0.117624
-3.8623 0.121045
-3.85986 0.124223
-3.85742 0.1183
-3.85498 0.125727
-3.85254 0.12221
-3.8501 0.122774
-3.84766 0.128062
-3.84521 0.121722
-3.84277 0.127527
-3.84033 0.126479
-3.83789 0.124724
-3.83545 0.13102
-3.83301 0.125434
-3.83057 0.12891
-3.82812 0.130361
-3.82568 0.127045
-3.82324 0.133131
-3.8208 0.129429
-3.81836 0.130345
-3.81592 0.133575
-3.81348 0.130077
-3.81104 0.134651
-3.80859 0.133436
-3.80615 0.132332
-3.80371 0.136101
-3.80127 0.13376
-3.79883 0.136156
-3.79639 0.137174
-3.79395 0.135125
-3.7915 0.138279
-3.78906 0.137841
-3.78662 0.138058
-3.78418 0.140578
-3.78174 0.138849
-3.7793 0.140257
-3.77686 0.142159
-3.77441 0.140752
-3.77197 0.143452
-3.76953 0.143445
-3.76709 0.14246
-3.76465 0.146254
-3.76221 0.144526
-3.75977 0.145964
-3.75732 0.148386
-3.75488 0.145396
-3.75244 0.149902
-3.75 0.149147
-3.74756 0.148477
-3.74512 0.153309
-3.74268 0.149102
-3.74023 0.153129
-3.73779 0.15441
-3.73535 0.151072
-3.73291 0.15794
-3.73047 0.153634
-3.72803 0.155805
-3.72559 0.159986
-3.72314 0.154096
-3.7207 0.161663
-3.71826 0.15901
-3.71582 0.158194
-3.71338 0.1651
-3.71094 0.157926
-3.7085 0.164544
-3.70605 0.16457
-3.70361 0.160792
-3.70117 0.169407
-3.69873 0.162364
-3.69629 0.166826
-3.69385 0.169947
-3.69141 0.163701
-3.68896 0.17291
-3.68652 0.167313
-3.68408 0.168583
-3.68164 0.174988
-3.6792 0.167084
-3.67676 0.175401
-3.67432 0.172581
-3.67188 0.170402
-3.66943 0.178981
-3.66699 0.171264
-3.66455 0.17721
-3.66211 0.177625
-3.65967 0.172793
-3.65723 0.181963
-3.65479 0.175939
-3.65234 0.178914
-3.6499 0.182109
-3.64746 0.175922
-3.64502 0.184246
-3.64258 0.180845
-3.64014 0.180795
-3.6377 0.186013
-3.63525 0.179863
-3.63281 0.185936
-3.63037 0.185791
-3.62793 0.183348
-3.62549 0.189137
-3.62305 0.184529
-3.62061 0.187759
-3.61816 0.190239
-3.61572 0.186908
-3.61328 0.191681
-3.61084 0.189552
-3.6084 0.190155
-3.60596 0.194068
-3.60352 0.191336
-3.60107 0.194059
-3.59863 0.194604
-3.59619 0.193333
-3.59375 0.197288
-3.59131 0.196486
-3.58887 0.196529
-3.58643 0.199271
-3.58398 0.197608
-3.58154 0.199916
-3.5791 0.201882
-3.57666 0.199657
-3.57422 0.203152
-3.57178 0.20276
-3.56934 0.202421
-3.56689 0.206893
-3.56445 0.203595
-3.56201 0.206398
-3.55957 0.208282
-3.55713 0.205154
-3.55469 0.211334
-3.55225 0.208234
-3.5498 0.20903
-3.54736 0.213912
-3.54492 0.208269
-3.54248 0.21485
-3.54004 0.213617
-3.5376 0.211231
-3.53516 0.219054
-3.53271 0.212309
-3.53027 0.217274
-3.52783 0.21933
-3.52539 0.213731
-3.52295 0.223128
-3.52051 0.217198
-3.51807 0.219172
-3.51562 0.22468
-3.51318 0.216682
-3.51074 0.226342
-3.5083 0.222469
-3.50586 0.220928
-3.50342 0.229445
-3.50098 0.220292
-3.49854 0.228619
-3.49609 0.228072
-3.49365 0.222764
-3.49121 0.233299
-3.48877 0.22481
-3.48633 0.230048
-3.48389 0.233551
-3.48145 0.225418
-3.479 0.235971
-3.47656 0.229999
-3.47412 0.231505
-3.47168 0.238284
-3.46924 0.229034
-3.4668 0.237925
-3.46436 0.235369
-3.46191 0.233336
-3.45947 0.242247
-3.45703 0.23341
-3.45459 0.239587
-3.45215 0.240551
-3.44971 0.235892
-3.44727 0.245294
-3.44482 0.238609
-3.44238 0.241165
-3.43994 0.245214
-3.4375 0.239578
-3.43506 0.247478
-3.43262 0.244105
-3.43018 0.243388
-3.42773 0.249046
-3.42529 0.244117
-3.42285 0.249394
-3.42041 0.249329
-3.41797 0.246472
-3.41553 0.252055
-3.41309 0.249195
-3.41064 0.251404
-3.4082 0.25397
-3.40576 0.25048
-3.40332 0.254434
-3.40088 0.254488
-3.39844 0.253916
-3.396 0.257605
-3.39355 0.255427
-3.39111 0.256485
-3.38867 0.25929
-3.38623 0.257349
-3.38379 0.26027
-3.38135 0.260668
-3.37891 0.258787
-3.37646 0.263276
-3.37402 0.26151
-3.37158 0.262336
-3.36914 0.265759
-3.3667 0.261543
-3.36426 0.266396
-3.36182 0.266335
-3.35938 0.263969
-3.35693 0.270367
-3.35449 0.265107
-3.35205 0.268395
-3.34961 0.271562
-3.34717 0.265723
-3.34473 0.27386
-3.34229 0.269613
-3.33984 0.26975
-3.3374 0.276384
-3.33496 0.268333
-3.33252 0.276156
-3.33008 0.274621
-3.32764 0.271182
-3.3252 0.280493
-3.32275 0.271683
-3.32031 0.27766
-3.31787 0.27984
-3.31543 0.272739
-3.31299 0.283816
-3.31055 0.275896
-3.30811 0.27846
-3.30566 0.284928
-3.30322 0.275027
-3.30078 0.285952
-3.29834 0.280971
-3.2959 0.279054
-3.29346 0.289155
-3.29102 0.278465
-3.28857 0.287168
-3.28613 0.286074
-3.28369 0.280404
-3.28125 0.292224
-3.27881 0.282743
-3.27637 0.28806
-3.27393 0.290956
-3.27148 0.282516
-3.26904 0.294334
-3.2666 0.287694
-3.26416 0.288856
-3.26172 0.295305
-3.25928 0.285541
-3.25684 0.29558
-3.25439 0.292911
-3.25195 0.290132
-3.24951 0.298566
-3.24707 0.28968
-3.24463 0.296296
-3.24219 0.297625
-3.23975 0.292372
-3.2373 0.300777
-3.23486 0.294258
-3.23242 0.297177
-3.22998 0.301492
-3.22754 0.295522
-3.2251 0.302172
-3.22266 0.298982
-3.22021 0.298541
-3.21777 0.304367
-3.21533 0.299474
-3.21289 0.30307
-3.21045 0.303353
-3.20801 0.300695
-3.20557 0.306101
-3.20312 0.303829
-3.20068 0.304132
-3.19824 0.306696
-3.1958 0.303843
-3.19336 0.307095
-3.19092 0.307938
-3.18848 0.305715
-3.18604 0.309023
-3.18359 0.307584
-3.18115 0.307753
-3.17871 0.311515
-3.17627 0.307989
-3.17383 0.310366
-3.17139 0.311756
-3.16895 0.308489
-3.1665 0.314102
-3.16406 0.311238
-3.16162 0.310819
-3.15918 0.315745
-3.15674 0.310027
-3.1543 0.315401
-3.15186 0.315159
-3.14941 0.311169
-3.14697 0.318898
-3.14453 0.312498
-3.14209 0.315873
-3.13965 0.319085
-3.13721 0.311896
-3.13477 0.321166
-3.13232 0.315733
-3.12988 0.315813
-3.12744 0.3229
-3.125 0.313122
-3.12256 0.322345
-3.12012 0.319786
-3.11768 0.315496
-3.11523 0.325894
-3.11279 0.315513
-3.11035 0.322337
-3.10791 0.324153
-3.10547 0.315733
-3.10303 0.32759
-3.10059 0.318928
-3.09814 0.321782
-3.0957 0.327992
-3.09326 0.316859
-3.09082 0.328347
-3.08838 0.322629
-3.08594 0.321311
-3.0835 0.331107
-3.08105 0.31885
-3.07861 0.328168
-3.07617 0.326642
-3.07373 0.321124
-3.07129 0.333123
-3.06885 0.321899
-3.06641 0.327338
-3.06396 0.330315
-3.06152 0.321853
-3.05908 0.333733
-3.05664 0.325691
-3.0542 0.326536
-3.05176 0.332951
-3.04932 0.32364
-3.04688 0.333464
-3.04443 0.329426
-3.04199 0.326251
-3.03955 0.334647
-3.03711 0.326072
-3.03467 0.332721
-3.03223 0.332707
-3.02979 0.326787
-3.02734 0.335131
-3.0249 0.329056
-3.02246 0.331848
-3.02002 0.33508
-3.01758 0.32833
-3.01514 0.334634
-3.0127 0.332088
-3.01025 0.331523
-3.00781 0.336212
-3.00537 0.330659
-3.00293 0.333811
-3.00049 0.334514
-2.99805 0.331952
-2.99561 0.336337
-2.99316 0.333354
-2.99072 0.333025
-2.98828 0.336154
-2.98584 0.333251
-2.9834 0.33557
-2.98096 0.336009
-2.97852 0.332812
-2.97607 0.336583
-2.97363 0.335385
-2.97119 0.334385
-2.96875 0.337928
-2.96631 0.333634
-2.96387 0.335966
-2.96143 0.33773
-2.95898 0.33354
-2.95654 0.338806
-2.9541 0.335234
-2.95166 0.334839
-2.94922 0.339839
-2.94678 0.333241
-2.94434 0.338694
-2.94189 0.33746
-2.93945 0.333368
-2.93701 0.341445
-2.93457 0.333766
-2.93213 0.337344
-2.92969 0.340149
-2.92725 0.332121
-2.9248 0.341877
-2.92236 0.335383
-2.91992 0.33535
-2.91748 0.342308
-2.91504 0.331887
-2.9126 0.341081
-2.91016 0.33758
-2.90771 0.333376
-2.90527 0.343533
-2.90283 0.332508
-2.90039 0.339478
-2.89795 0.339859
-2.89551 0.331627
-2.89307 0.34385
-2.89062 0.333934
-2.88818 0.337095
-2.88574 0.342082
-2.8833 0.330594
-2.88086 0.342795
-2.87842 0.336218
-2.87598 0.33454
-2.87354 0.343438
-2.87109 0.330666
-2.86865 0.34067
-2.86621 0.338484
-2.86377 0.332654
-2.86133 0.343424
-2.85889 0.33168
-2.85645 0.338062
-2.854 0.340222
-2.85156 0.33147
-2.84912 0.342424
-2.84668 0.333265
-2.84424 0.335204
-2.8418 0.341298
-2.83936 0.331168
-2.83691 0.34036
-2.83447 0.335082
-2.83203 0.332725
-2.82959 0.34114
-2.82715 0.331771
-2.82471 0.337609
-2.82227 0.336483
-2.81982 0.331131
-2.81738 0.339739
-2.81494 0.332816
-2.8125 0.335002
-2.81006 0.336949
-2.80762 0.330457
-2.80518 0.337444
-2.80273 0.333912
-2.80029 0.33269
-2.79785 0.33643
-2.79541 0.33068
-2.79297 0.334572
-2.79053 0.334637
-2.78809 0.331183
-2.78564 0.334801
-2.7832 0.331417
-2.78076 0.331784
-2.77832 0.334359
-2.77588 0.33062
-2.77344 0.332335
-2.771 0.332003
-2.76855 0.329543
-2.76611 0.333049
-2.76367 0.330629
-2.76123 0.329533
-2.75879 0.332194
-2.75635 0.328008
-2.75391 0.33075
-2.75146 0.331073
-2.74902 0.326679
-2.74658 0.331511
-2.74414 0.327523
-2.7417 0.327536
-2.73926 0.331479
-2.73682 0.324532
-2.73438 0.329574
-2.73193 0.327859
-2.72949 0.324177
-2.72705 0.331064
-2.72461 0.323256
-2.72217 0.326748
-2.71973 0.328318
-2.71729 0.321087
-2.71484 0.329739
-2.7124 0.322669
-2.70996 0.323294
-2.70752 0.328719
-2.70508 0.31846
-2.70264 0.327465
-2.7002 0.322822
-2.69775 0.319396
-2.69531 0.32851
-2.69287 0.316961
-2.69043 0.323867
-2.68799 0.323381
-2.68555 0.315872
-2.68311 0.327041
-2.68066 0.316516
-2.67822 0.319658
-2.67578 0.323562
-2.67334 0.313054
-2.6709 0.3245
-2.66846 0.316543
-2.66602 0.315452
-2.66357 0.323043
-2.66113 0.310982
-2.65869 0.321079
-2.65625 0.31693
-2.65381 0.311322
-2.65137 0.321618
-2.64893 0.309864
-2.64648 0.316758
-2.64404 0.317129
-2.6416 0.308082
-2.63916 0.31883
-2.63672 0.309545
-2.63428 0.312206
-2.63184 0.316544
-2.62939 0.305868
-2.62695 0.315037
-2.62451 0.309396
-2.62207 0.30803
-2.61963 0.315017
-2.61719 0.304372
-2.61475 0.310833
-2.6123 0.309012
-2.60986 0.304422
-2.60742 0.312388
-2.60498 0.303624
-2.60254 0.306356
-2.6001 0.308
-2.59766 0.30179
-2.59521 0.308767
-2.59277 0.303133
-2.59033 0.302292
-2.58789 0.305981
-2.58545 0.300064
-2.58301 0.304531
-2.58057 0.302323
-2.57812 0.298953
-2.57568 0.302993
-2.57324 0.298785
-2.5708 0.300148
-2.56836 0.300913
-2.56592 0.296362
-2.56348 0.299182
-2.56104 0.297745
-2.55859 0.296069
-2.55615 0.298461
-2.55371 0.294689
-2.55127 0.294831
-2.54883 0.296339
-2.54639 0.292791
-2.54395 0.294949
-2.5415 0.293477
-2.53906 0.290599
-2.53662 0.294163
-2.53418 0.290284
-2.53174 0.290798
-2.5293 0.292227
-2.52686 0.286758
-2.52441 0.291199
-2.52197 0.288473
-2.51953 0.286116
-2.51709 0.290722
-2.51465 0.283567
-2.51221 0.287214
-2.50977 0.287295
-2.50732 0.281343
-2.50488 0.288361
-2.50244 0.281402
-2.5 0.28242
-2.49756 0.28601
-2.49512 0.277288
-2.49268 0.28485
-2.49023 0.279894
-2.48779 0.277508
-2.48535 0.284207
-2.48291 0.273947
-2.48047 0.280546
-2.47803 0.27869
-2.47559 0.272709
-2.47314 0.281748
-2.4707 0.271395
-2.46826 0.275436
-2.46582 0.277663
-2.46338 0.268234
-2.46094 0.278268
-2.4585 0.269843
-2.45605 0.269794
-2.45361 0.276151
-2.45117 0.26476
-2.44873 0.273777
-2.44629 0.268595
-2.44385 0.264538
-2.44141 0.273602
-2.43896 0.262223
-2.43652 0.268678
-2.43408 0.267295
-2.43164 0.259881
-2.4292 0.270184
-2.42676 0.260288
-2.42432 0.263305
-2.42188 0.265732
-2.41943 0.255875
-2.41699 0.265758
-2.41455 0.258967
-2.41211 0.2579
-2.40967 0.263385
-2.40723 0.252917
-2.40479 0.260532
-2.40234 0.257614
-2.3999 0.253103
-2.39746 0.260085
-2.39502 0.250658
-2.39258 0.255134
-2.39014 0.255676
-2.3877 0.2492
-2.38525 0.255889
-2.38281 0.248773
-2.38037 0.249849
-2.37793 0.253061
-2.37549 0.246001
-2.37305 0.250999
-2.37061 0.247025
-2.36816 0.24503
-2.36572 0.249515
-2.36328 0.243556
-2.36084 0.245845
-2.3584 0.244827
-2.35596 0.241037
-2.35352 0.245126
-2.35107 0.241413
-2.34863 0.240891
-2.34619 0.241946
-2.34375 0.237822
-2.34131 0.24026
-2.33887 0.239174
-2.33643 0.236418
-2.33398 0.238302
-2.33154 0.235286
-2.3291 0.235106
-2.32666 0.236584
-2.32422 0.232708
-2.32178 0.233803
-2.31934 0.233158
-2.31689 0.230201
-2.31445 0.233161
-2.31201 0.229806
-2.30957 0.228841
-2.30713 0.2308
-2.30469 0.225993
-2.30225 0.228956
-2.2998 0.227353
-2.29736 0.223846
-2.29492 0.228021
-2.29248 0.222402
-2.29004 0.224129
-2.2876 0.225155
-2.28516 0.218953
-2.28271 0.224635
-2.28027 0.219581
-2.27783 0.218775
-2.27539 0.222908
-2.27295 0.214705
-2.27051 0.220267
-2.26807 0.217559
-2.26562 0.213382
-2.26318 0.219965
-2.26074 0.211393
-2.2583 0.215191
-2.25586 0.215602
-2.25342 0.208455
-2.25098 0.216305
-2.24854 0.208675
-2.24609 0.209821
-2.24365 0.21351
-2.24121 0.20405
-2.23877 0.211946
-2.23633 0.206473
-2.23389 0.204242
-2.23145 0.211075
-2.229 0.200383
-2.22656 0.206791
-2.22412 0.204643
-2.22168 0.199036
-2.21924 0.207646
-2.2168 0.197771
-2.21436 0.201172
-2.21191 0.202552
-2.20947 0.19457
-2.20703 0.203379
-2.20459 0.195656
-2.20215 0.195601
-2.19971 0.199965
-2.19727 0.190781
-2.19482 0.19854
-2.19238 0.19371
-2.18994 0.190324
-2.1875 0.196802
-2.18506 0.187691
-2.18262 0.19317
-2.18018 0.191837
-2.17773 0.185657
-2.17529 0.192777
-2.17285 0.18527
-2.17041 0.18777
-2.16797 0.189361
-2.16553 0.181903
-2.16309 0.188038
-2.16064 0.183093
-2.1582 0.182653
-2.15576 0.186204
-2.15332 0.178859
-2.15088 0.182983
-2.14844 0.180821
-2.146 0.178066
-2.14355 0.182442
-2.14111 0.176308
-2.13867 0.177868
-2.13623 0.178195
-2.13379 0.174224
-2.13135 0.177954
-2.12891 0.174036
-2.12646 0.173084
-2.12402 0.174891
-2.12158 0.17106
-2.11914 0.173139
-2.1167 0.171576
-2.11426 0.168903
-2.11182 0.17096
-2.10938 0.168349
-2.10693 0.168303
-2.10449 0.168759
-2.10205 0.165346
-2.09961 0.166534
-2.09717 0.16589
-2.09473 0.163669
-2.09229 0.165347
-2.08984 0.162488
-2.0874 0.161756
-2.08496 0.163288
-2.08252 0.159677
-2.08008 0.161217
-2.07764 0.160095
-2.0752 0.157127
-2.07275 0.1602
-2.07031 0.156399
-2.06787 0.156698
-2.06543 0.15773
-2.06299 0.152878
-2.06055 0.156642
-2.05811 0.153607
-2.05566 0.151954
-2.05322 0.15527
-2.05078 0.149141
-2.04834 0.152496
-2.0459 0.151366
-2.04346 0.147141
-2.04102 0.152379
-2.03857 0.146148
-2.03613 0.147735
-2.03369 0.149327
-2.03125 0.142774
-2.02881 0.148722
-2.02637 0.143803
-2.02393 0.14293
-2.02148 0.146927
-2.01904 0.139087
-2.0166 0.144568
-2.01416 0.141764
-2.01172 0.138265
-2.00928 0.144196
-2.00684 0.135965
-2.00439 0.139983
-2.00195 0.139884
-1.99951 0.133912
-1.99707 0.140918
-1.99463 0.133588
-1.99219 0.134985
-1.98975 0.13794
-1.9873 0.130204
-1.98486 0.136853
-1.98242 0.131722
-1.97998 0.130131
-1.97754 0.135417
-1.9751 0.12718
-1.97266 0.132447
-1.97021 0.129878
-1.96777 0.125751
-1.96533 0.132304
-1.96289 0.124744
-1.96045 0.127873
-1.95801 0.12794
-1.95557 0.121866
-1.95312 0.128665
-1.95068 0.122731
-1.94824 0.123244
-1.9458 0.125692
-1.94336 0.118715
-1.94092 0.124394
-1.93848 0.120971
-1.93604 0.118986
-1.93359 0.122842
-1.93115 0.116188
-1.92871 0.119928
-1.92627 0.119037
-1.92383 0.115271
-1.92139 0.119494
-1.91895 0.114034
-1.9165 0.115602
-1.91406 0.116712
-1.91162 0.112163
-1.90918 0.115722
-1.90674 0.112093
-1.9043 0.111513
-1.90186 0.113935
-1.89941 0.109649
-1.89697 0.111684
-1.89453 0.110088
-1.89209 0.108004
-1.88965 0.110614
-1.88721 0.107501
-1.88477 0.107734
-1.88232 0.107766
-1.87988 0.105065
-1.87744 0.106955
-1.875 0.105473
-1.87256 0.104074
-1.87012 0.105055
-1.86768 0.102617
-1.86523 0.103115
-1.86279 0.103362
-1.86035 0.100854
-1.85791 0.101856
-1.85547 0.100619
-1.85303 0.0993284
-1.85059 0.100894
-1.84814 0.098247
-1.8457 0.0982812
-1.84326 0.0986886
-1.84082 0.0959196
-1.83838 0.0979419
-1.83594 0.0960654
-1.8335 0.0946545
-1.83105 0.0965759
-1.82861 0.0929692
-1.82617 0.0946603
-1.82373 0.0941636
-1.82129 0.0910793
-1.81885 0.0942668
-1.81641 0.0905316
-1.81396 0.0910344
-1.81152 0.092458
-1.80908 0.0877656
-1.80664 0.0914998
-1.8042 0.088666
-1.80176 0.0872667
-1.79932 0.0905432
-1.79688 0.0850657
-1.79443 0.0881996
-1.79199 0.0871141
-1.78955 0.0837491
-1.78711 0.0882008
-1.78467 0.0828517
-1.78223 0.0847129
-1.77979 0.0855943
-1.77734 0.0805392
-1.7749 0.0855184
-1.77246 0.081052
-1.77002 0.0810705
-1.76758 0.0840371
-1.76514 0.077753
-1.7627 0.0824152
-1.76025 0.079665
-1.75781 0.0774467
-1.75537 0.0821742
-1.75293 0.0756029
-1.75049 0.0789298
-1.74805 0.0783393
-1.74561 0.0743093
-1.74316 0.07973
-1.74072 0.0739695
-1.73828 0.0753986
-1.73584 0.0768519
-1.7334 0.0716051
-1.73096 0.0769177
-1.72852 0.072625
-1.72607 0.0719735
-1.72363 0.0751225
-1.72119 0.0693377
-1.71875 0.0737999
-1.71631 0.0714706
-1.71387 0.0687739
-1.71143 0.0730335
-1.70898 0.0676194
-1.70654 0.0704408
-1.7041 0.0702457
-1.70166 0.0661018
-1.69922 0.0704756
-1.69678 0.066194
-1.69434 0.0672314
-1.69189 0.0686843
-1.68945 0.0639715
-1.68701 0.0676039
-1.68457 0.0649077
-1.68213 0.0642675
-1.67969 0.0667753
-1.67725 0.0622319
-1.6748 0.0646024
-1.67236 0.0636032
-1.66992 0.0616348
-1.66748 0.0645124
-1.66504 0.0608539
-1.6626 0.0616333
-1.66016 0.0620662
-1.65771 0.0595129
-1.65527 0.061924
-1.65283 0.059589
-1.65039 0.0589445
-1.64795 0.0602143
-1.64551 0.0577769
-1.64307 0.0592163
-1.64062 0.0582546
-1.63818 0.0566354
-1.63574 0.0580438
-1.6333 0.0563356
-1.63086 0.0565273
-1.62842 0.0567561
-1.62598 0.0547454
-1.62354 0.0556227
-1.62109 0.0550722
-1.61865 0.0540539
-1.61621 0.0549257
-1.61377 0.0532766
-1.61133 0.0531052
-1.60889 0.0536946
-1.60645 0.0519728
-1.604 0.0527947
-1.60156 0.0520266
-1.59912 0.0507051
-1.59668 0.0521234
-1.59424 0.0502378
-1.5918 0.050482
-1.58936 0.0508672
-1.58691 0.0484784
-1.58447 0.0503323
-1.58203 0.048865
-1.57959 0.0480272
-1.57715 0.0496665
-1.57471 0.0466115
-1.57227 0.0481895
-1.56982 0.0478131
-1.56738 0.0456283
-1.56494 0.0481919
-1.5625 0.0452052
-1.56006 0.0458391
-1.55762 0.0468027
-1.55518 0.0435366
-1.55273 0.0464178
-1.55029 0.0440701
-1.54785 0.0435056
-1.54541 0.0457048
-1.54297 0.0417255
-1.54053 0.0444177
-1.53809 0.0431828
-1.53564 0.0412146
-1.5332 0.0444776
-1.53076 0.0402827
-1.52832 0.0421696
-1.52588 0.0424424
-1.52344 0.0391442
-1.521 0.0428827
-1.51855 0.0393059
-1.51611 0.0397563
-1.51367 0.0415862
-1.51123 0.037482
-1.50879 0.0409731
-1.50635 0.0385312
-1.50391 0.0374987
-1.50146 0.0405158
-1.49902 0.0361405
-1.49658 0.0389234
-1.49414 0.0378359
-1.4917 0.0354429
-1.48926 0.0391955
-1.48682 0.0351232
-1.48438 0.0367577
-1.48193 0.0371814
-1.47949 0.0336689
-1.47705 0.0375613
-1.47461 0.0344307
-1.47217 0.0346057
-1.46973 0.0363078
-1.46729 0.0323502
-1.46484 0.0356239
-1.4624 0.0338436
-1.45996 0.0326771
-1.45752 0.0351803
-1.45508 0.0313427
-1.45264 0.0336096
-1.4502 0.0332189
-1.44775 0.031027
-1.44531 0.033832
-1.44287 0.0305475
-1.44043 0.0316433
-1.43799 0.0324686
-1.43555 0.0296921
-1.43311 0.0322329
-1.43066 0.0299472
-1.42822 0.0297946
-1.42578 0.0314634
-1.42334 0.0287016
-1.4209 0.0304933
-1.41846 0.0293214
-1.41602 0.0282407
-1.41357 0.0302011
-1.41113 0.0279399
-1.40869 0.0287612
-1.40625 0.0285997
-1.40381 0.0269905
-1.40137 0.0287548
-1.39893 0.0272844
-1.39648 0.0271521
-1.39404 0.027708
-1.3916 0.0260134
-1.38916 0.0271839
-1.38672 0.0266343
-1.38428 0.0257789
-1.38184 0.0265698
-1.37939 0.0252908
-1.37695 0.0256226
-1.37451 0.0258522
-1.37207 0.024699
-1.36963 0.0252788
-1.36719 0.0246609
-1.36475 0.0242012
-1.3623 0.0249143
-1.35986 0.0238507
-1.35742 0.023907
-1.35498 0.0240432
-1.35254 0.0229674
-1.3501 0.0237971
-1.34766 0.0232182
-1.34521 0.0225066
-1.34277 0.0233443
-1.34033 0.0220193
-1.33789 0.0224955
-1.33545 0.0227017
-1.33301 0.0212438
-1.33057 0.0224373
-1.32812 0.0213521
-1.32568 0.021135
-1.32324 0.0221091
-1.3208 0.0202079
-1.31836 0.021351
-1.31592 0.0208246
-1.31348 0.0198211
-1.31104 0.0214258
-1.30859 0.0193633
-1.30615 0.0201489
-1.30371 0.0204189
-1.30127 0.0185945
-1.29883 0.0205829
-1.29639 0.0187753
-1.29395 0.0188136
-1.2915 0.0200474
-1.28906 0.0175746
-1.28662 0.0195145
-1.28418 0.018422
-1.28174 0.0175123
-1.2793 0.0195144
-1.27686 0.0168454
-1.27441 0.0183178
-1.27197 0.0180915
-1.26953 0.0163806
-1.26709 0.0187995
-1.26465 0.0163176
-1.26221 0.0170561
-1.25977 0.0177672
-1.25732 0.0153945
-1.25488 0.0179208
-1.25244 0.0159855
-1.25 0.0157809
-1.24756 0.0173898
-1.24512 0.0146297
-1.24268 0.0168254
-1.24023 0.0158222
-1.23779 0.0146011
-1.23535 0.0168107
-1.23291 0.0141401
-1.23047 0.0156408
-1.22803 0.0156373
-1.22559 0.0136489
-1.22314 0.0160549
-1.2207 0.0137982
-1.21826 0.014491
-1.21582 0.0153475
-1.21338 0.0129217
-1.21094 0.0151374
-1.2085 0.0135672
-1.20605 0.0133893
-1.20361 0.0149602
-1.20117 0.0123967
-1.19873 0.0140943
-1.19629 0.0134144
-1.19385 0.0124351
-1.19141 0.0143685
-1.18896 0.0120922
-1.18652 0.0130243
-1.18408 0.0131859
-1.18164 0.0117017
-1.1792 0.0136133
-1.17676 0.0118906
-1.17432 0.0120393
-1.17188 0.0128359
-1.16943 0.0111625
-1.16699 0.0127634
-1.16455 0.0117025
-1.16211 0.0111988
-1.15967 0.0123452
-1.15723 0.0107977
-1.15479 0.0118446
-1.15234 0.0115116
-1.1499 0.0105316
-1.14746 0.0117007
-1.14502 0.0105536
-1.14258 0.0109622
-1.14014 0.0112047
-1.1377 0.0100536
-1.13525 0.0109648
-1.13281 0.0103339
-1.13037 0.0101976
-1.12793 0.0107699
-1.12549 0.00972713
-1.12305 0.0101957
-1.12061 0.0100866
-1.11816 0.00957964
-1.11572 0.01022
-1.11328 0.00950743
-1.11084 0.00945448
-1.1084 0.00975905
-1.10596 0.00914943
-1.10352 0.00955519
-1.10107 0.0093198
-1.09863 0.00882097
-1.09619 0.00930463
-1.09375 0.00886767
-1.09131 0.0088691
-1.08887 0.00908095
-1.08643 0.00833943
-1.08398 0.00876953
-1.08154 0.00865867
-1.0791 0.00821924
-1.07666 0.00877292
-1.07422 0.00799263
-1.07178 0.00816283
-1.06934 0.00849746
-1.06689 0.0076285
-1.06445 0.00835173
-1.06201 0.00779589
-1.05957 0.00750995
-1.05713 0.00830251
-1.05469 0.00718594
-1.05225 0.00779951
-1.0498 0.00769364
-1.04736 0.00691451
-1.04492 0.00797936
-1.04248 0.00690546
-1.04004 0.00718877
-1.0376 0.00758773
-1.03516 0.00641422
-1.03271 0.00757614
-1.03027 0.00672809
-1.02783 0.00656358
-1.02539 0.00746403
-1.02295 0.00601337
-1.02051 0.00708115
-1.01807 0.00665616
-1.01562 0.00594683
-1.01318 0.00726431
-1.01074 0.00575951
-1.0083 0.00647822
-1.00586 0.00664121
-1.00342 0.00542396
-1.00098 0.00690834
-0.998535 0.00565087
-0.996094 0.00587126
-0.993652 0.00655716
-0.991211 0.00504506
-0.98877 0.00643917
-0.986328 0.00561784
-0.983887 0.00529854
-0.981445 0.00641646
-0.979004 0.00477684
-0.976562 0.00590702
-0.974121 0.00562854
-0.97168 0.00478307
-0.969238 0.00620013
-0.966797 0.00463043
-0.964355 0.00531272
-0.961914 0.00564684
-0.959473 0.00438745
-0.957031 0.00583081
-0.95459 0.00460179
-0.952148 0.00474096
-0.949707 0.005573
-0.947266 0.00413492
-0.944824 0.00538064
-0.942383 0.00460909
-0.939941 0.0042559
-0.9375 0.00539101
-0.935059 0.00399731
-0.932617 0.0048871
-0.930176 0.00462509
-0.927734 0.0038545
-0.925293 0.0051357
-0.922852 0.00394477
-0.92041 0.00438018
-0.917969 0.00462249
-0.915527 0.0035714
-0.913086 0.00476993
-0.910645 0.00394902
-0.908203 0.00393214
-0.905762 0.00452452
-0.90332 0.00341441
-0.900879 0.00434247
-0.898438 0.00395688
-0.895996 0.00357738
-0.893555 0.00433454
-0.891113 0.00334065
-0.888672 0.00391467
-0.88623 0.00392412
-0.883789 0.00332521
-0.881348 0.00407195
-0.878906 0.00332257
-0.876465 0.00350505
-0.874023 0.00384317
-0.871582 0.00317208
-0.869141 0.00374071
-0.866699 0.00331516
-0.864258 0.0031754
-0.861816 0.00368203
-0.859375 0.00309621
-0.856934 0.00339905
-0.854492 0.0032768
-0.852051 0.00294765
-0.849609 0.00344668
-0.847168 0.00306109
-0.844727 0.0030783
-0.842285 0.0031942
-0.839844 0.00280958
-0.837402 0.00316803
-0.834961 0.00304156
-0.83252 0.00280815
-0.830078 0.00305007
-0.827637 0.00275914
-0.825195 0.00286162
-0.822754 0.00299085
-0.820312 0.00262669
-0.817871 0.00284114
-0.81543 0.00275029
-0.812988 0.00258124
-0.810547 0.0028793
-0.808105 0.00252579
-0.805664 0.00260163
-0.803223 0.00273376
-0.800781 0.00235195
-0.79834 0.0027193
-0.795898 0.00248382
-0.793457 0.00234755
-0.791016 0.00269974
-0.788574 0.0021848
-0.786133 0.00250288
-0.783691 0.00249438
-0.78125 0.00209518
-0.778809 0.00261083
-0.776367 0.00210773
-0.773926 0.00223721
-0.771484 0.00251042
-0.769043 0.00189896
-0.766602 0.00243979
-0.76416 0.00210683
-0.761719 0.00197575
-0.759277 0.00248271
-0.756836 0.00176431
-0.754395 0.00222998
-0.751953 0.00213462
-0.749512 0.00173397
-0.74707 0.00241232
-0.744629 0.00168324
-0.742188 0.00198963
-0.739746 0.00217938
-0.737305 0.00152574
-0.734863 0.00227795
-0.732422 0.00167657
-0.72998 0.00171615
-0.727539 0.00221251
-0.725098 0.00138573
-0.722656 0.0020608
-0.720215 0.00172125
-0.717773 0.00147236
-0.715332 0.00217469
-0.712891 0.00132068
-0.710449 0.00181049
-0.708008 0.00177353
-0.705566 0.00127078
-0.703125 0.00207981
-0.700684 0.00130449
-0.698242 0.00155617
-0.695801 0.00181524
-0.693359 0.00111295
-0.690918 0.0019346
-0.688477 0.00133583
-0.686035 0.00130307
-0.683594 0.0018238
-0.681152 0.00102733
-0.678711 0.00171292
-0.67627 0.00140561
-0.673828 0.00109439
-0.671387 0.00176673
-0.668945 0.00100436
-0.666504 0.00147078
-0.664062 0.0014668
-0.661621 0.000947537
-0.65918 0.00164673
-0.656738 0.00101961
-0.654297 0.00124072
-0.651855 0.00150049
-0.649414 0.000850934
-0.646973 0.00149163
-0.644531 0.00105903
-0.64209 0.00103134
-0.639648 0.00150139
-0.637207 0.000813524
-0.634766 0.00129648
-0.632324 0.00110535
-0.629883 0.000879617
-0.627441 0.00143578
-0.625 0.000825161
-0.622559 0.00109142
-0.620117 0.00113606
-0.617676 0.00078411
-0.615234 0.00131687
-0.612793 0.000858339
-0.610352 0.000915948
-0.60791 0.00113365
-0.605469 0.000738094
-0.603027 0.00117189
-0.600586 0.000898337
-0.598145 0.000777131
-0.595703 0.00109865
-0.593262 0.000734974
-0.59082 0.00100804
-0.588379 0.000927272
-0.585938 0.00069469
-0.583496 0.00102288
-0.581055 0.000752841
-0.578613 0.000856302
-0.576172 0.000928768
-0.57373 0.000665802
-0.571289 0.000913981
-0.568848 0.00077459
-0.566406 0.000737805
-0.563965 0.000903541
-0.561523 0.000673399
-0.559082 0.000796056
-0.556641 0.000788807
-0.554199 0.00065983
-0.551758 0.000847427
-0.549316 0.000706126
-0.546875 0.000680729
-0.544434 0.000778787
-0.541992 0.000635454
-0.539551 0.000765011
-0.537109 0.000737321
-0.534668 0.000591759
-0.532227 0.000738775
-0.529785 0.000646927
-0.527344 0.000670692
-0.524902 0.000747049
-0.522461 0.000539314
-0.52002 0.000679393
-0.517578 0.000676607
-0.515137 0.000577338
-0.512695 0.00073685
-0.510254 0.000525666
-0.507812 0.000602507
-0.505371 0.000718152
-0.50293 0.000495086
-0.500488 0.000696726
-0.498047 0.000553449
-0.495605 0.000513216
-0.493164 0.00074197
-0.490723 0.000446342
-0.488281 0.000623602
-0.48584 0.000604348
-0.483398 0.00043317
-0.480957 0.000728469
-0.478516 0.000430639
-0.476074 0.000539734
-0.473633 0.000651018
-0.471191 0.000367738
-0.46875 0.000687854
-0.466309 0.000441644
-0.463867 0.000451267
-0.461426 0.00068769
-0.458984 0.000321032
-0.456543 0.000616895
-0.454102 0.000486415
-0.45166 0.00035815
-0.449219 0.000699819
-0.446777 0.000306646
-0.444336 0.000515797
-0.441895 0.000543283
-0.439453 0.000284364
-0.437012 0.000665416
-0.43457 0.000321108
-0.432129 0.000413781
-0.429688 0.000586101
-0.427246 0.000233691
-0.424805 0.000598775
-0.422363 0.000352796
-0.419922 0.000321984
-0.41748 0.000610327
-0.415039 0.000201191
-0.412598 0.000511953
-0.410156 0.000399805
-0.407715 0.000238901
-0.405273 0.000604736
-0.402832 0.000197901
-0.400391 0.000397894
-0.397949 0.000451868
-0.395508 0.000179534
-0.393066 0.000557957
-0.390625 0.00021729
-0.388184 0.000291045
-0.385742 0.000485583
-0.383301 0.000147547
-0.380859 0.000481717
-0.378418 0.000246385
-0.375977 0.000205989
-0.373535 0.000491809
-0.371094 0.000134035
-0.368652 0.000392515
-0.366211 0.000282044
-0.36377 0.000137608
-0.361328 0.00047215
-0.358887 0.000139937
-0.356445 0.00029192
-0.354004 0.000315597
-0.351562 9.70975e-05
-0.349121 0.000415216
-0.34668 0.000161613
-0.344238 0.000199857
-0.341797 0.000335782
-0.339355 8.09626e-05
-0.336914 0.000335553
-0.334473 0.000186098
-0.332031 0.000134244
-0.32959 0.000333506
-0.327148 7.99955e-05
-0.324707 0.000253763
-0.322266 0.000208427
-0.319824 9.36535e-05
-0.317383 0.000310995
-0.314941 9.20145e-05
-0.3125 0.000174198
-0.310059 0.000225816
-0.307617 7.96145e-05
-0.305176 0.00026736
-0.302734 0.000108132
-0.300293 0.00011165
-0.297852 0.00022952
-0.29541 8.5599e-05
-0.292969 0.000207528
-0.290527 0.000123812
-0.288086 7.71137e-05
-0.285645 0.000218318
-0.283203 0.00010127
-0.280762 0.000150784
-0.27832 0.000135879
-0.275879 6.81336e-05
-0.273438 0.000194305
-0.270996 0.000121005
-0.268555 0.000104073
-0.266113 0.000140035
-0.263672 8.40314e-05
-0.26123 0.000158381
-0.258789 0.000135796
-0.256348 7.70633e-05
-0.253906 0.000136593
-0.251465 0.000111623
-0.249023 0.000118373
-0.246582 0.000141193
-0.244141 7.48221e-05
-0.241699 0.000125816
-0.239258 0.000139965
-0.236816 8.4963e-05
-0.234375 0.000141179
-0.231934 9.37395e-05
-0.229492 0.000108751
-0.227051 0.000165693
-0.224609 6.44887e-05
-0.222168 0.000132519
-0.219727 0.000131366
-0.217285 8.7979e-05
-0.214844 0.000177089
-0.212402 6.60378e-05
-0.209961 0.000116594
-0.20752 0.0001721
-0.205078 6.93183e-05
-0.202637 0.000171081
-0.200195 8.94009e-05
-0.197754 9.96445e-05
-0.195312 0.00020421
-0.192871 5.78283e-05
-0.19043 0.00015675
-0.187988 0.000126824
-0.185547 8.17342e-05
-0.183105 0.000225452
-0.180664 5.68584e-05
-0.178223 0.000134508
-0.175781 0.000178301
-0.17334 6.31465e-05
-0.170898 0.000229658
-0.168457 7.31082e-05
-0.166016 0.000106653
-0.163574 0.000227134
-0.161133 5.1238e-05
-0.158691 0.000211798
-0.15625 0.000104537
-0.153809 8.33168e-05
-0.151367 0.00025638
-0.148926 4.83202e-05
-0.146484 0.000181223
-0.144043 0.000143389
-0.141602 6.42451e-05
-0.13916 0.000269356
-0.136719 5.35648e-05
-0.134277 0.000146915
-0.131836 0.000188175
-0.129395 4.71263e-05
-0.126953 0.000260781
-0.124512 7.31471e-05
-0.12207 0.000107104
-0.119629 0.000229011
-0.117188 3.69617e-05
-0.114746 0.000228254
-0.112305 0.000104661
-0.109863 7.41225e-05
-0.107422 0.000249181
-0.10498 3.46544e-05
-0.102539 0.000183424
-0.100098 0.000137227
-0.0976562 5.122e-05
-0.0952148 0.000247666
-0.0927734 3.75898e-05
-0.090332 0.000136254
-0.0878906 0.000171677
-0.0854492 3.21239e-05
-0.0830078 0.000228208
-0.0805664 4.76848e-05
-0.078125 8.843e-05
-0.0756836 0.000199904
-0.0732422 2.01628e-05
-0.0708008 0.000187201
-0.0683594 6.62286e-05
-0.065918 4.98067e-05
-0.0634766 0.000210285
-0.0610352 1.52992e-05
-0.0585938 0.000137178
-0.0561523 8.50719e-05
-0.0537109 2.63546e-05
-0.0512695 0.000200306
-0.0488281 1.38032e-05
-0.0463867 9.18493e-05
-0.0439453 0.000101438
-0.0415039 1.15989e-05
-0.0390625 0.000173333
-0.0366211 1.69539e-05
-0.0341797 5.06014e-05
-0.0317383 0.000115395
-0.0292969 4.00372e-06
-0.0268555 0.000132174
-0.0244141 2.52753e-05
-0.0219727 2.17068e-05
-0.0195312 0.000117365
-0.0170898 1.431e-06
-0.0146484 8.36206e-05
-0.012207 3.47914e-05
-0.00976562 8.99525e-06
-0.00732422 0.00010458
-0.00488281 3.98312e-07
-0.00244141 4.39927e-05
0 4.33357e-05
0.00244141 7.37322e-06
0.00488281 8.39745e-05
0.00732422 1.93113e-08
0.00976562 1.76063e-05
0.012207 5.30846e-05
0.0146484 1.0726e-05
0.0170898 6.41954e-05
0.0195312 1.24268e-06
0.0219727 9.17199e-06
0.0244141 6.72998e-05
0.0268555 1.01658e-05
0.0292969 4.91627e-05
0.0317383 7.96929e-06
0.0341797 1.00388e-05
0.0366211 7.63236e-05
0.0390625 7.28829e-06
0.0415039 3.65144e-05
0.0439453 2.01409e-05
0.0463867 1.48722e-05
0.0488281 7.90145e-05
0.0512695 3.33198e-06
0.0537109 2.69161e-05
0.0561523 3.72171e-05
0.0585938 1.93254e-05
0.0610352 7.00317e-05
0.0634766 2.17638e-06
0.065918 2.37092e-05
0.0683594 5.26134e-05
0.0708008 2.13273e-05
0.0732422 5.58064e-05
0.0756836 5.75944e-06
0.078125 2.74632e-05
0.0805664 6.11543e-05
0.0830078 2.07913e-05
0.0854492 4.26556e-05
0.0878906 1.35046e-05
0.090332 3.57088e-05
0.0927734 6.50128e-05
0.0952148 1.62116e-05
0.0976562 3.29736e-05
0.100098 2.66543e-05
0.102539 4.31664e-05
0.10498 6.18323e-05
0.107422 1.14684e-05
0.109863 3.09914e-05
0.112305 3.93993e-05
0.114746 4.62816e-05
0.117188 5.24625e-05
0.119629 9.82785e-06
0.12207 3.76216e-05
0.124512 4.69228e-05
0.126953 4.58916e-05
0.129395 4.55322e-05
0.131836 1.07976e-05
0.134277 5.07511e-05
0.136719 4.97467e-05
0.13916 3.91026e-05
0.141602 4.36776e-05
0.144043 1.54685e-05
0.146484 6.39367e-05
0.148926 4.65855e-05
0.151367 2.77887e-05
0.153809 4.946e-05
0.15625 2.26951e-05
0.158691 7.29007e-05
0.161133 3.88503e-05
0.163574 1.83329e-05
0.166016 6.22166e-05
0.168457 2.74104e-05
0.170898 7.54729e-05
0.17334 3.31235e-05
0.175781 1.15041e-05
0.178223 8.1356e-05
0.180664 2.99325e-05
0.183105 7.13111e-05
0.185547 3.42484e-05
0.187988 7.9731e-06
0.19043 0.000100885
0.192871 3.00833e-05
0.195312 5.85674e-05
0.197754 4.44484e-05
0.200195 8.0407e-06
0.202637 0.000111841
0.205078 2.8384e-05
0.20752 4.20915e-05
0.209961 6.38334e-05
0.212402 8.8885e-06
0.214844 0.000115315
0.217285 2.90771e-05
0.219727 2.85239e-05
0.222168 8.95485e-05
0.224609 8.62483e-06
0.227051 0.000109586
0.229492 3.69517e-05
0.231934 1.68905e-05
0.234375 0.000117974
0.236816 8.05436e-06
0.239258 9.37638e-05
0.241699 5.49018e-05
0.244141 9.05911e-06
0.246582 0.000138524
0.249023 7.85756e-06
0.251465 7.05493e-05
0.253906 8.06464e-05
0.256348 5.49987e-06
0.258789 0.0001462
0.26123 1.11464e-05
0.263672 4.87684e-05
0.266113 0.000112336
0.268555 3.63046e-06
0.270996 0.000145612
0.273438 2.08535e-05
0.275879 3.2207e-05
0.27832 0.00014484
0.280762 3.30234e-06
0.283203 0.000133358
0.285645 4.11308e-05
0.288086 1.96365e-05
0.290527 0.000170402
0.292969 5.81694e-06
0.29541 0.000109601
0.297852 7.06581e-05
0.300293 1.41234e-05
0.302734 0.000179749
0.305176 1.2964e-05
0.307617 8.51414e-05
0.310059 0.000104377
0.3125 1.38471e-05
0.314941 0.000176479
0.317383 2.59131e-05
0.319824 6.54473e-05
0.322266 0.000141178
0.324707 1.57246e-05
0.327148 0.000166467
0.32959 4.62578e-05
0.332031 5.0876e-05
0.334473 0.000172626
0.336914 1.97993e-05
0.339355 0.00014415
0.341797 7.55085e-05
0.344238 4.39461e-05
0.34668 0.000188855
0.349121 2.76921e-05
0.351562 0.000121263
0.354004 0.000107599
0.356445 4.53502e-05
0.358887 0.000189703
0.361328 3.95661e-05
0.36377 0.000107037
0.366211 0.000137712
0.368652 5.04511e-05
0.371094 0.000183253
0.373535 5.49837e-05
0.375977 0.00010097
0.378418 0.00016734
0.380859 5.59005e-05
0.383301 0.000169223
0.385742 7.66195e-05
0.388184 0.000104069
0.390625 0.000183715
0.393066 6.29273e-05
0.395508 0.000151882
0.397949 0.000101925
0.400391 0.00011579
0.402832 0.000185525
0.405273 7.18365e-05
0.407715 0.000144126
0.410156 0.000123191
0.412598 0.000132656
0.415039 0.000183528
0.41748 7.91275e-05
0.419922 0.000147891
0.422363 0.000144076
0.424805 0.000145956
0.427246 0.000179429
0.429688 8.82976e-05
0.432129 0.000161468
0.43457 0.000160067
0.437012 0.000154183
0.439453 0.000177859
0.441895 0.00010081
0.444336 0.000182251
0.446777 0.000163511
0.449219 0.000159506
0.45166 0.00018753
0.454102 0.00010985
0.456543 0.000207543
0.458984 0.000164747
0.461426 0.000157217
0.463867 0.000214325
0.466309 0.000117774
0.46875 0.000228561
0.471191 0.000169363
0.473633 0.000148243
0.476074 0.000253437
0.478516 0.000125542
0.480957 0.000236357
0.483398 0.000180671
0.48584 0.000139497
0.488281 0.000297816
0.490723 0.000130226
0.493164 0.000237414
0.495605 0.000204342
0.498047 0.000131692
0.500488 0.000342207
0.50293 0.000136991
0.505371 0.000228237
0.507812 0.000244349
0.510254 0.000123391
0.512695 0.00037878
0.515137 0.000153953
0.517578 0.00020699
0.52002 0.000302497
0.522461 0.000118424
0.524902 0.000394652
0.527344 0.000185822
0.529785 0.000182153
0.532227 0.000362762
0.534668 0.000119917
0.537109 0.00039012
0.539551 0.000233328
0.541992 0.000160129
0.544434 0.000420618
0.546875 0.000127774
0.549316 0.000374649
0.551758 0.000295013
0.554199 0.000144436
0.556641 0.000468455
0.559082 0.000147866
0.561523 0.000342708
0.563965 0.000374651
0.566406 0.000134337
0.568848 0.000493485
0.571289 0.000189358
0.57373 0.000300299
0.576172 0.00045872
0.578613 0.000136972
0.581055 0.000492971
0.583496 0.000247755
0.585938 0.000263855
0.588379 0.000529568
0.59082 0.000154275
0.593262 0.000475404
0.595703 0.0003185
0.598145 0.000239089
0.600586 0.00058907
0.603027 0.000181556
0.605469 0.000452399
0.60791 0.000401821
0.610352 0.000225277
0.612793 0.000623388
0.615234 0.000228758
0.617676 0.000416262
0.620117 0.000490603
0.622559 0.000228524
0.625 0.000624292
0.627441 0.000296127
0.629883 0.000385292
0.632324 0.000568179
0.634766 0.00025154
0.637207 0.000606721
0.639648 0.000370021
0.64209 0.000375387
0.644531 0.000628262
0.646973 0.000286361
0.649414 0.000586446
0.651855 0.000449446
0.654297 0.000377766
0.656738 0.000675098
0.65918 0.000331234
0.661621 0.000562779
0.664062 0.00053041
0.666504 0.00039603
0.668945 0.000694957
0.671387 0.000393487
0.673828 0.000546143
0.67627 0.000600826
0.678711 0.000432054
0.681152 0.000695081
0.683594 0.000461416
0.686035 0.00055561
0.688477 0.000650883
0.690918 0.000476246
0.693359 0.000701491
0.695801 0.000523294
0.698242 0.000586335
0.700684 0.00068891
0.703125 0.000518811
0.705566 0.000716002
0.708008 0.000584656
0.710449 0.000630773
0.712891 0.000715986
0.715332 0.000561804
0.717773 0.000742068
0.720215 0.000640445
0.722656 0.000686363
0.725098 0.00072793
0.727539 0.00060351
0.72998 0.000791346
0.732422 0.000679112
0.734863 0.00074535
0.737305 0.000752809
0.739746 0.000631668
0.742188 0.000866012
0.744629 0.000713089
0.74707 0.00079746
0.749512 0.000803059
0.751953 0.000651157
0.754395 0.000950872
0.756836 0.000752162
0.759277 0.000829234
0.761719 0.000876334
0.76416 0.000670902
0.766602 0.00103097
0.769043 0.000795575
0.771484 0.000853361
0.773926 0.00097412
0.776367 0.000685684
0.778809 0.0010996
0.78125 0.000856502
0.783691 0.000859508
0.786133 0.00109617
0.788574 0.000701996
0.791016 0.0011471
0.793457 0.000951767
0.795898 0.000846104
0.79834 0.00123688
0.800781 0.000735671
0.803223 0.00116325
0.805664 0.00108045
0.808105 0.000836892
0.810547 0.00135937
0.812988 0.000795534
0.81543 0.0011526
0.817871 0.00123071
0.820312 0.000837825
0.822754 0.00145737
0.825195 0.000886119
0.827637 0.00113014
0.830078 0.00139105
0.83252 0.000853015
0.834961 0.00152617
0.837402 0.00101215
0.839844 0.00109043
0.842285 0.00156334
0.844727 0.000890947
0.847168 0.00154867
0.849609 0.00118719
0.852051 0.00104889
0.854492 0.00171854
0.856934 0.000965554
0.859375 0.00153739
0.861816 0.00138414
0.864258 0.00103747
0.866699 0.00182439
0.869141 0.00108247
0.871582 0.00150938
0.874023 0.00158196
0.876465 0.00105835
0.878906 0.00189768
0.881348 0.00122648
0.883789 0.00147854
0.88623 0.00178304
0.888672 0.00110975
0.891113 0.00193199
0.893555 0.00141344
0.895996 0.00144593
0.898438 0.00196768
0.900879 0.00120609
0.90332 0.00192277
0.905762 0.00163042
0.908203 0.00143816
0.910645 0.002105
0.913086 0.00134586
0.915527 0.00190973
0.917969 0.00183116
0.92041 0.00148417
0.922852 0.0021985
0.925293 0.00151156
0.927734 0.00191472
0.930176 0.00202343
0.932617 0.00155933
0.935059 0.00226655
0.9375 0.00169775
0.939941 0.00193451
0.942383 0.0021997
0.944824 0.00166548
0.947266 0.00229908
0.949707 0.0019051
0.952148 0.00198161
0.95459 0.00233716
0.957031 0.00181296
0.959473 0.0023212
0.961914 0.0021001
0.964355 0.00208475
0.966797 0.00243877
0.969238 0.00196983
0.97168 0.00238089
0.974121 0.00226406
0.976562 0.00222355
0.979004 0.00253148
0.981445 0.00212462
0.983887 0.00247047
0.986328 0.00241388
0.98877 0.00237455
0.991211 0.00262919
0.993652 0.00227978
0.996094 0.00258908
0.998535 0.00254649
1.00098 0.00254166
1.00342 0.00273446
1.00586 0.00242501
1.0083 0.0027535
1.01074 0.00265194
1.01318 0.00270319
1.01562 0.00288939
1.01807 0.00254185
1.02051 0.00295184
1.02295 0.00276475
1.02539 0.0028387
1.02783 0.00309945
1.03027 0.0026433
1.03271 0.00314564
1.03516 0.00291131
1.0376 0.00293844
1.04004 0.00334389
1.04248 0.00275744
1.04492 0.00331717
1.04736 0.00309526
1.0498 0.00302035
1.05225 0.00362046
1.05469 0.00288124
1.05713 0.00346643
1.05957 0.00333187
1.06201 0.00308216
1.06445 0.00390779
1.06689 0.0030325
1.06934 0.00357742
1.07178 0.00363591
1.07422 0.00312366
1.07666 0.00418838
1.0791 0.00324288
1.08154 0.00363979
1.08398 0.00398131
1.08643 0.00319931
1.08887 0.00439992
1.09131 0.0035279
1.09375 0.00367459
1.09619 0.00434044
1.09863 0.00332409
1.10107 0.0045461
1.10352 0.0038792
1.10596 0.00370917
1.1084 0.00468847
1.11084 0.00349448
1.11328 0.00465156
1.11572 0.00428148
1.11816 0.00374736
1.12061 0.00502171
1.12305 0.00373744
1.12549 0.00468923
1.12793 0.00473681
1.13037 0.00381654
1.13281 0.00529227
1.13525 0.00406681
1.1377 0.00469808
1.14014 0.00518559
1.14258 0.00397797
1.14502 0.00546652
1.14746 0.00447873
1.1499 0.00472305
1.15234 0.0055849
1.15479 0.00421642
1.15723 0.00559825
1.15967 0.00492748
1.16211 0.00477636
1.16455 0.00595729
1.16699 0.00451247
1.16943 0.00569548
1.17188 0.00541466
1.17432 0.00487445
1.17676 0.00626516
1.1792 0.00489313
1.18164 0.00576154
1.18408 0.00591328
1.18652 0.00505804
1.18896 0.00647867
1.19141 0.00534004
1.19385 0.00586346
1.19629 0.00633453
1.19873 0.00535005
1.20117 0.00663854
1.20361 0.00579722
1.20605 0.00602947
1.2085 0.00671717
1.21094 0.00569506
1.21338 0.00679595
1.21582 0.00625579
1.21826 0.00624229
1.2207 0.00706743
1.22314 0.00608765
1.22559 0.00695952
1.22803 0.00671198
1.23047 0.00652472
1.23291 0.00735745
1.23535 0.00653746
1.23779 0.00716283
1.24023 0.00710914
1.24268 0.00689725
1.24512 0.00761949
1.24756 0.00697487
1.25 0.00746465
1.25244 0.00744358
1.25488 0.0073041
1.25732 0.00791151
1.25977 0.00738109
1.26221 0.0078414
1.26465 0.007768
1.26709 0.00769957
1.26953 0.0082626
1.27197 0.00776545
1.27441 0.00826605
1.27686 0.00809349
1.2793 0.00809472
1.28174 0.00866364
1.28418 0.00812074
1.28662 0.00874769
1.28906 0.00842943
1.2915 0.00845565
1.29395 0.00915711
1.29639 0.00844153
1.29883 0.00924658
1.30127 0.00883469
1.30371 0.00876108
1.30615 0.0097283
1.30859 0.00876884
1.31104 0.00969572
1.31348 0.00935882
1.31592 0.00901526
1.31836 0.0103212
1.3208 0.00916282
1.32324 0.0100741
1.32568 0.00997843
1.32812 0.00925715
1.33057 0.0109153
1.33301 0.00961965
1.33545 0.010403
1.33789 0.0106786
1.34033 0.00952757
1.34277 0.011469
1.34521 0.0101677
1.34766 0.0106792
1.3501 0.0114558
1.35254 0.00982857
1.35498 0.0119569
1.35742 0.010846
1.35986 0.0108881
1.3623 0.012244
1.36475 0.0102519
1.36719 0.0123139
1.36963 0.0116555
1.37207 0.0111001
1.37451 0.0129867
1.37695 0.010821
1.37939 0.0125723
1.38184 0.0125332
1.38428 0.0113739
1.38672 0.0136527
1.38916 0.0114937
1.3916 0.0128269
1.39404 0.0134209
1.39648 0.011727
1.39893 0.0142326
1.40137 0.0123025
1.40381 0.0130353
1.40625 0.014319
1.40869 0.0121925
1.41113 0.0146864
1.41357 0.0132462
1.41602 0.0132716
1.41846 0.015136
1.4209 0.0128398
1.42334 0.0150036
1.42578 0.014255
1.42822 0.0136214
1.43066 0.0158204
1.43311 0.0136197
1.43555 0.0153173
1.43799 0.0152407
1.44043 0.0140867
1.44287 0.0164514
1.44531 0.0144622
1.44775 0.0156608
1.4502 0.0161898
1.45264 0.0146824
1.45508 0.016994
1.45752 0.015407
1.45996 0.0160284
1.4624 0.0170825
1.46484 0.0154309
1.46729 0.0174433
1.46973 0.016396
1.47217 0.0165213
1.47461 0.0178266
1.47705 0.0163249
1.47949 0.0179238
1.48193 0.0173314
1.48438 0.0171688
1.48682 0.0185093
1.48926 0.0172471
1.4917 0.018506
1.49414 0.0182088
1.49658 0.0179101
1.49902 0.0191785
1.50146 0.018159
1.50391 0.0191766
1.50635 0.0190431
1.50879 0.0187352
1.51123 0.0198196
1.51367 0.0190912
1.51611 0.0199573
1.51855 0.019802
1.521 0.0196445
1.52344 0.0205113
1.52588 0.0199327
1.52832 0.0208948
1.53076 0.0205336
1.5332 0.0205445
1.53564 0.0213498
1.53809 0.0206905
1.54053 0.0219181
1.54297 0.0213342
1.54541 0.0213655
1.54785 0.0223429
1.55029 0.0214115
1.55273 0.022939
1.55518 0.0222289
1.55762 0.0221389
1.56006 0.0234169
1.5625 0.0221396
1.56494 0.023934
1.56738 0.0232512
1.56982 0.022851
1.57227 0.0245893
1.57471 0.0229087
1.57715 0.0248482
1.57959 0.0244311
1.58203 0.0235013
1.58447 0.0258271
1.58691 0.0237806
1.58936 0.0256319
1.5918 0.0258161
1.59424 0.02414
1.59668 0.0270094
1.59912 0.0248603
1.60156 0.0262739
1.604 0.0272999
1.60645 0.0248605
1.60889 0.0280867
1.61133 0.0261096
1.61377 0.0268687
1.61621 0.0287662
1.61865 0.0257607
1.62109 0.0290246
1.62354 0.0275287
1.62598 0.0274592
1.62842 0.0302231
1.63086 0.0268058
1.6333 0.02984
1.63574 0.0291344
1.63818 0.0280451
1.64062 0.0315902
1.64307 0.0280781
1.64551 0.0304999
1.64795 0.0308466
1.65039 0.0287588
1.65283 0.0327557
1.65527 0.0295963
1.65771 0.0310998
1.66016 0.0325219
1.6626 0.0297154
1.66504 0.0337502
1.66748 0.0312211
1.66992 0.0318213
1.67236 0.0340703
1.6748 0.0308805
1.67725 0.0346161
1.67969 0.0329427
1.68213 0.0325948
1.68457 0.0355404
1.68701 0.0322437
1.68945 0.0353718
1.69189 0.0347404
1.69434 0.0334981
1.69678 0.0368567
1.69922 0.0338522
1.70166 0.0360929
1.7041 0.0364676
1.70654 0.0346779
1.70898 0.0379771
1.71143 0.0355753
1.71387 0.0369751
1.71631 0.0380152
1.71875 0.0360515
1.72119 0.0390791
1.72363 0.0372784
1.72607 0.0380441
1.72852 0.0394429
1.73096 0.0375623
1.7334 0.0401799
1.73584 0.0390017
1.73828 0.0392514
1.74072 0.0407968
1.74316 0.0391835
1.74561 0.0412988
1.74805 0.0406738
1.75049 0.0406737
1.75293 0.0420127
1.75537 0.0408472
1.75781 0.0425943
1.76025 0.0421709
1.7627 0.0422918
1.76514 0.0432715
1.76758 0.0424107
1.77002 0.044113
1.77246 0.0435678
1.7749 0.0439611
1.77734 0.0446696
1.77979 0.0438579
1.78223 0.0457801
1.78467 0.0449902
1.78711 0.0456028
1.78955 0.0462335
1.79199 0.0452538
1.79443 0.0475388
1.79688 0.0464426
1.79932 0.047194
1.80176 0.048003
1.8042 0.0465338
1.80664 0.0493686
1.80908 0.0479883
1.81152 0.0486569
1.81396 0.0499901
1.81641 0.0477804
1.81885 0.0511732
1.82129 0.0497573
1.82373 0.0499389
1.82617 0.0521615
1.82861 0.0491233
1.83105 0.0527917
1.8335 0.0517828
1.83594 0.0511533
1.83838 0.0543223
1.84082 0.0507008
1.84326 0.0542122
1.8457 0.0540314
1.84814 0.0523537
1.85059 0.0564144
1.85303 0.0525258
1.85547 0.0554741
1.85791 0.0564154
1.86035 0.0535979
1.86279 0.0584395
1.86523 0.0545772
1.86768 0.0566083
1.87012 0.0589113
1.87256 0.0549908
1.875 0.0602074
1.87744 0.0569777
1.87988 0.0576543
1.88232 0.0613611
1.88477 0.0566849
1.88721 0.0616964
1.88965 0.0596037
1.89209 0.0588159
1.89453 0.0635432
1.89697 0.0587431
1.89941 0.0629771
1.90186 0.0622875
1.9043 0.0601798
1.90674 0.0655613
1.90918 0.061004
1.91162 0.0641968
1.91406 0.0650144
1.9165 0.06172
1.91895 0.0674113
1.92139 0.0634865
1.92383 0.0653952
1.92627 0.0676344
1.92871 0.0635965
1.93115 0.0689696
1.93359 0.0661887
1.93604 0.0666871
1.93848 0.0699746
1.94092 0.0658635
1.94336 0.0703995
1.9458 0.0688345
1.94824 0.0683282
1.95068 0.0720439
1.95312 0.068343
1.95557 0.0719054
1.95801 0.0713954
1.96045 0.0701668
1.96289 0.0739969
1.96533 0.0709026
1.96777 0.0735218
1.97021 0.0738704
1.97266 0.0722215
1.9751 0.0758298
1.97754 0.073531
1.97998 0.0753106
1.98242 0.0761248
1.98486 0.0745708
1.9873 0.0775551
1.98975 0.0760782
1.99219 0.0774365
1.99463 0.0781587
1.99707 0.0770253
1.99951 0.0794643
2.00195 0.0783939
2.00439 0.0798225
2.00684 0.0801787
2.00928 0.0794212
2.01172 0.0816143
2.01416 0.0805572
2.0166 0.0823133
2.01904 0.0823146
2.02148 0.0817032
2.02393 0.0839675
2.02637 0.0826233
2.02881 0.0848768
2.03125 0.0845378
2.03369 0.0838854
2.03613 0.0865612
2.03857 0.0845934
2.04102 0.0874009
2.04346 0.0870287
2.0459 0.0858688
2.04834 0.0893395
2.05078 0.0866224
2.05322 0.0897234
2.05566 0.0898507
2.05811 0.0876859
2.06055 0.0921556
2.06299 0.0889217
2.06543 0.0917183
2.06787 0.0929533
2.07031 0.0895398
2.07275 0.0948209
2.0752 0.0915271
2.07764 0.0934983
2.08008 0.0961995
2.08252 0.0915083
2.08496 0.0973089
2.0874 0.0943998
2.08984 0.0951878
2.09229 0.0993902
2.09473 0.0937166
2.09717 0.0995466
2.09961 0.0975901
2.10205 0.0967352
2.10449 0.102535
2.10693 0.0962587
2.10938 0.101424
2.11182 0.10109
2.11426 0.0983843
2.1167 0.105365
2.11914 0.0992522
2.12158 0.10304
2.12402 0.104654
2.12646 0.100313
2.12891 0.107781
2.13135 0.102579
2.13379 0.10466
2.13623 0.108052
2.13867 0.102582
2.14111 0.109985
2.14355 0.105997
2.146 0.106392
2.14844 0.11126
2.15088 0.105215
2.15332 0.111863
2.15576 0.109623
2.1582 0.108236
2.16064 0.114197
2.16309 0.108279
2.16553 0.113502
2.16797 0.113224
2.17041 0.110425
2.17285 0.116697
2.17529 0.111695
2.17773 0.115214
2.18018 0.116506
2.18262 0.113054
2.18506 0.118992
2.1875 0.115102
2.18994 0.117202
2.19238 0.119515
2.19482 0.115894
2.19727 0.121238
2.19971 0.118476
2.20215 0.119443
2.20459 0.122263
2.20703 0.118971
2.20947 0.123388
2.21191 0.121802
2.21436 0.121963
2.2168 0.124718
2.21924 0.122219
2.22168 0.125671
2.22412 0.124825
2.22656 0.124906
2.229 0.127022
2.23145 0.12531
2.23389 0.128308
2.23633 0.127523
2.23877 0.127983
2.24121 0.129469
2.24365 0.128128
2.24609 0.131231
2.24854 0.130094
2.25098 0.131057
2.25342 0.132143
2.25586 0.130767
2.2583 0.134322
2.26074 0.132654
2.26318 0.134061
2.26562 0.135047
2.26807 0.133178
2.27051 0.137569
2.27295 0.13525
2.27539 0.136826
2.27783 0.13836
2.28027 0.135378
2.28271 0.1408
2.28516 0.138084
2.2876 0.139245
2.29004 0.141974
2.29248 0.137533
2.29492 0.143789
2.29736 0.141327
2.2998 0.141314
2.30225 0.145699
2.30469 0.139937
2.30713 0.146419
2.30957 0.144867
2.31201 0.143331
2.31445 0.149286
2.31689 0.142719
2.31934 0.14865
2.32178 0.148673
2.32422 0.145312
2.32666 0.15266
2.3291 0.145856
2.33154 0.150601
2.33398 0.152671
2.33643 0.147311
2.33887 0.155753
2.34131 0.149435
2.34375 0.152219
2.34619 0.156639
2.34863 0.149676
2.35107 0.158275
2.35352 0.153428
2.35596 0.153823
2.3584 0.160295
2.36084 0.152536
2.36328 0.160374
2.36572 0.157537
2.36816 0.155764
2.37061 0.163436
2.37305 0.155823
2.37549 0.162235
2.37793 0.161613
2.38037 0.157893
2.38281 0.166304
2.38525 0.159378
2.3877 0.163897
2.39014 0.165619
2.39258 0.160375
2.39502 0.168745
2.39746 0.163226
2.3999 0.165608
2.40234 0.169221
2.40479 0.163432
2.40723 0.170777
2.40967 0.167112
2.41211 0.167688
2.41455 0.172244
2.41699 0.166851
2.41943 0.172824
2.42188 0.17065
2.42432 0.170178
2.42676 0.174935
2.4292 0.170375
2.43164 0.174979
2.43408 0.174034
2.43652 0.172891
2.43896 0.17742
2.44141 0.173919
2.44385 0.177308
2.44629 0.177102
2.44873 0.175911
2.45117 0.179673
2.45361 0.177314
2.45605 0.179999
2.4585 0.179707
2.46094 0.179156
2.46338 0.182016
2.46582 0.180263
2.46826 0.183117
2.4707 0.182134
2.47314 0.182244
2.47559 0.184686
2.47803 0.182834
2.48047 0.186383
2.48291 0.184625
2.48535 0.185037
2.48779 0.187667
2.49023 0.185141
2.49268 0.189596
2.49512 0.187298
2.49756 0.187532
2.5 0.190922
2.50244 0.187242
2.50488 0.192763
2.50732 0.190215
2.50977 0.189692
2.51221 0.194418
2.51465 0.189343
2.51709 0.195542
2.51953 0.193548
2.52197 0.191506
2.52441 0.197971
2.52686 0.19167
2.5293 0.197807
2.53174 0.197314
2.53418 0.193173
2.53662 0.201212
2.53906 0.194511
2.5415 0.199487
2.54395 0.201232
2.54639 0.194966
2.54883 0.204048
2.55127 0.197747
2.55371 0.20086
2.55615 0.205117
2.55859 0.197015
2.56104 0.20651
2.56348 0.201268
2.56592 0.202147
2.56836 0.208761
2.5708 0.199415
2.57324 0.208428
2.57568 0.205191
2.57812 0.203294
2.58057 0.211993
2.58301 0.202397
2.58545 0.209807
2.58789 0.209193
2.59033 0.204799
2.59277 0.214497
2.59521 0.20589
2.59766 0.210935
2.6001 0.212944
2.60254 0.206788
2.60498 0.21647
2.60742 0.209485
2.60986 0.21223
2.6123 0.216315
2.61475 0.209088
2.61719 0.218153
2.61963 0.213066
2.62207 0.213646
2.62451 0.219242
2.62695 0.211893
2.62939 0.219391
2.63184 0.216619
2.63428 0.215358
2.63672 0.221561
2.63916 0.215082
2.6416 0.220549
2.64404 0.219714
2.64648 0.21763
2.64893 0.223382
2.65137 0.218312
2.65381 0.222067
2.65625 0.222237
2.65869 0.220161
2.66113 0.22515
2.66357 0.221234
2.66602 0.22391
2.66846 0.224404
2.6709 0.222773
2.67334 0.226882
2.67578 0.223906
2.67822 0.22607
2.68066 0.226208
2.68311 0.22543
2.68555 0.228695
2.68799 0.226206
2.69043 0.228595
2.69287 0.227778
2.69531 0.227871
2.69775 0.230885
2.7002 0.227948
2.70264 0.231286
2.70508 0.229478
2.70752 0.229746
2.70996 0.233465
2.7124 0.22942
2.71484 0.233816
2.71729 0.231526
2.71973 0.231133
2.72217 0.236256
2.72461 0.230823
2.72705 0.235972
2.72949 0.233925
2.73193 0.232235
2.73438 0.238951
2.73682 0.232413
2.73926 0.237696
2.7417 0.236704
2.74414 0.233035
2.74658 0.241522
2.74902 0.234281
2.75146 0.238845
2.75391 0.239808
2.75635 0.233748
2.75879 0.243699
2.76123 0.236558
2.76367 0.239407
2.76611 0.243076
2.76855 0.234652
2.771 0.245192
2.77344 0.239354
2.77588 0.239659
2.77832 0.246013
2.78076 0.236061
2.7832 0.246105
2.78564 0.242277
2.78809 0.240004
2.79053 0.248373
2.79297 0.23803
2.79541 0.246501
2.79785 0.245249
2.80029 0.24044
2.80273 0.250283
2.80518 0.240346
2.80762 0.246553
2.81006 0.248203
2.8125 0.241091
2.81494 0.251484
2.81738 0.243153
2.81982 0.246411
2.82227 0.250688
2.82471 0.24235
2.82715 0.251992
2.82959 0.246036
2.83203 0.246585
2.83447 0.252439
2.83691 0.244089
2.83936 0.252224
2.8418 0.248554
2.84424 0.247284
2.84668 0.25364
2.84912 0.246024
2.85156 0.252357
2.854 0.250834
2.85645 0.24821
2.85889 0.254469
2.86133 0.248092
2.86377 0.25246
2.86621 0.252626
2.86865 0.249567
2.87109 0.254859
2.87354 0.250075
2.87598 0.252909
2.87842 0.253737
2.88086 0.251306
2.8833 0.255203
2.88574 0.251573
2.88818 0.253891
2.89062 0.254318
2.89307 0.252941
2.89551 0.25587
2.89795 0.25255
2.90039 0.255096
2.90283 0.254779
2.90527 0.254271
2.90771 0.256786
2.91016 0.253163
2.9126 0.256379
2.91504 0.255207
2.91748 0.255167
2.91992 0.258057
2.92236 0.253426
2.9248 0.257668
2.92725 0.255743
2.92969 0.255552
2.93213 0.259633
2.93457 0.253423
2.93701 0.258643
2.93945 0.256714
2.94189 0.255308
2.94434 0.261306
2.94678 0.253573
2.94922 0.259063
2.95166 0.258084
2.9541 0.254728
2.95654 0.262702
2.95898 0.254164
2.96143 0.258774
2.96387 0.259804
2.96631 0.254087
2.96875 0.26357
2.97119 0.255166
2.97363 0.258068
2.97607 0.261524
2.97852 0.253505
2.98096 0.263938
2.9834 0.256494
2.98584 0.257061
2.98828 0.263107
2.99072 0.253284
2.99316 0.263641
2.99561 0.258184
2.99805 0.25585
3.00049 0.264354
3.00293 0.253583
3.00537 0.262566
3.00781 0.260014
3.01025 0.254872
3.0127 0.264716
3.01514 0.254566
3.01758 0.261048
3.02002 0.261575
3.02246 0.25432
3.0249 0.264506
3.02734 0.255764
3.02979 0.25953
3.03223 0.26263
3.03467 0.254131
3.03711 0.263907
3.03955 0.256998
3.04199 0.258142
3.04443 0.263232
3.04688 0.254381
3.04932 0.26277
3.05176 0.258338
3.0542 0.257043
3.05664 0.263054
3.05908 0.255106
3.06152 0.261418
3.06396 0.259184
3.06641 0.256561
3.06885 0.262186
3.07129 0.255884
3.07373 0.260285
3.07617 0.259445
3.07861 0.256483
3.08105 0.261158
3.0835 0.256264
3.08594 0.259503
3.08838 0.259231
3.09082 0.256536
3.09326 0.260067
3.0957 0.256354
3.09814 0.258983
3.10059 0.258566
3.10303 0.256734
3.10547 0.259016
3.10791 0.255941
3.11035 0.258804
3.11279 0.257524
3.11523 0.256721
3.11768 0.258325
3.12012 0.254901
3.12256 0.258806
3.125 0.256459
3.12744 0.256147
3.12988 0.258158
3.13232 0.253448
3.13477 0.258597
3.13721 0.25571
3.13965 0.254991
3.14209 0.258258
3.14453 0.251865
3.14697 0.258025
3.14941 0.255228
3.15186 0.253355
3.1543 0.258349
3.15674 0.250447
3.15918 0.256866
3.16162 0.255057
3.16406 0.251394
3.1665 0.258325
3.16895 0.249266
3.17139 0.255165
3.17383 0.255232
3.17627 0.249223
3.17871 0.257904
3.18115 0.248642
3.18359 0.252803
3.18604 0.255559
3.18848 0.247107
3.19092 0.256878
3.19336 0.248563
3.1958 0.250043
3.19824 0.255664
3.20068 0.245505
3.20312 0.25513
3.20557 0.24877
3.20801 0.247505
3.21045 0.255182
3.21289 0.244425
3.21533 0.252896
3.21777 0.249081
3.22021 0.245097
3.22266 0.254247
3.2251 0.24373
3.22754 0.250291
3.22998 0.249343
3.23242 0.242997
3.23486 0.252715
3.2373 0.243511
3.23975 0.247351
3.24219 0.249293
3.24463 0.241508
3.24707 0.250494
3.24951 0.243432
3.25195 0.244713
3.25439 0.248433
3.25684 0.24056
3.25928 0.248026
3.26172 0.242998
3.26416 0.242529
3.2666 0.246919
3.26904 0.239837
3.27148 0.245525
3.27393 0.242238
3.27637 0.240589
3.27881 0.245012
3.28125 0.239112
3.28369 0.243044
3.28613 0.241073
3.28857 0.239004
3.29102 0.242602
3.29346 0.238305
3.2959 0.240893
3.29834 0.23925
3.30078 0.237731
3.30322 0.240103
3.30566 0.236927
3.30811 0.239241
3.31055 0.236921
3.31299 0.236386
3.31543 0.237817
3.31787 0.234926
3.32031 0.237855
3.32275 0.234503
3.3252 0.234666
3.32764 0.235879
3.33008 0.232509
3.33252 0.236485
3.33496 0.232158
3.3374 0.232587
3.33984 0.234273
3.34229 0.229714
3.34473 0.235046
3.34717 0.230068
3.34961 0.230019
3.35205 0.232998
3.35449 0.226768
3.35693 0.233317
3.35938 0.228372
3.36182 0.226992
3.36426 0.23195
3.3667 0.223941
3.36914 0.231051
3.37158 0.227216
3.37402 0.22376
3.37646 0.230676
3.37891 0.221669
3.38135 0.228094
3.38379 0.226439
3.38623 0.220519
3.38867 0.229029
3.39111 0.21997
3.39355 0.224718
3.396 0.225651
3.39844 0.217611
3.40088 0.226929
3.40332 0.218603
3.40576 0.221142
3.4082 0.224739
3.41064 0.214993
3.41309 0.224343
3.41553 0.217646
3.41797 0.217451
3.42041 0.223452
3.42285 0.212882
3.42529 0.22117
3.42773 0.216864
3.43018 0.213992
3.43262 0.22138
3.43506 0.211443
3.4375 0.217544
3.43994 0.215864
3.44238 0.211026
3.44482 0.218642
3.44727 0.210076
3.44971 0.214029
3.45215 0.214372
3.45459 0.208411
3.45703 0.215526
3.45947 0.208632
3.46191 0.210622
3.46436 0.21241
3.4668 0.206101
3.46924 0.212033
3.47168 0.20704
3.47412 0.207401
3.47656 0.209851
3.479 0.204175
3.48145 0.208353
3.48389 0.204993
3.48633 0.20469
3.48877 0.206667
3.49121 0.202252
3.49365 0.204946
3.49609 0.202322
3.49854 0.202259
3.50098 0.203388
3.50342 0.199983
3.50586 0.201998
3.5083 0.199232
3.51074 0.199929
3.51318 0.200241
3.51562 0.197404
3.51807 0.199422
3.52051 0.195963
3.52295 0.197558
3.52539 0.197289
3.52783 0.194509
3.53027 0.197233
3.53271 0.192596
3.53516 0.195053
3.5376 0.194781
3.54004 0.191247
3.54248 0.195253
3.54492 0.189505
3.54736 0.192113
3.5498 0.192792
3.55225 0.187755
3.55469 0.193274
3.55713 0.186895
3.55957 0.188712
3.56201 0.191187
3.56445 0.184364
3.56689 0.190967
3.56934 0.18485
3.57178 0.185094
3.57422 0.18958
3.57666 0.1813
3.5791 0.188188
3.58154 0.183247
3.58398 0.181379
3.58643 0.187762
3.58887 0.178632
3.59131 0.185007
3.59375 0.181831
3.59619 0.177713
3.59863 0.185589
3.60107 0.176347
3.60352 0.181233
3.60596 0.180617
3.6084 0.174153
3.61084 0.182834
3.61328 0.17448
3.61572 0.17714
3.61816 0.179086
3.62061 0.17106
3.62305 0.179419
3.62549 0.172766
3.62793 0.173106
3.63037 0.176847
3.63281 0.168442
3.63525 0.175565
3.6377 0.170828
3.64014 0.169261
3.64258 0.174088
3.64502 0.16598
3.64746 0.171511
3.6499 0.168698
3.65234 0.165612
3.65479 0.170789
3.65723 0.163783
3.65967 0.16733
3.66211 0.166271
3.66455 0.162346
3.66699 0.167014
3.66943 0.16162
3.67188 0.163479
3.67432 0.163242
3.67676 0.159558
3.6792 0.16309
3.68164 0.159147
3.68408 0.160217
3.68652 0.159876
3.68896 0.156944
3.69141 0.159446
3.69385 0.156398
3.69629 0.157365
3.69873 0.156491
3.70117 0.154377
3.70361 0.156143
3.70605 0.153437
3.7085 0.154867
3.71094 0.15319
3.71338 0.151775
3.71582 0.153315
3.71826 0.150255
3.7207 0.152679
3.72314 0.150165
3.72559 0.148968
3.72803 0.151096
3.73047 0.146951
3.73291 0.150508
3.73535 0.147651
3.73779 0.145914
3.74023 0.149194
3.74268 0.143838
3.74512 0.148033
3.74756 0.145669
3.75 0.142625
3.75244 0.147366
3.75488 0.141078
3.75732 0.145118
3.75977 0.144021
3.76221 0.139355
3.76465 0.145303
3.76709 0.138678
3.76953 0.141786
3.77197 0.142494
3.77441 0.136076
3.77686 0.142871
3.7793 0.136529
3.78174 0.13811
3.78418 0.140819
3.78662 0.132907
3.78906 0.139948
3.7915 0.134583
3.79395 0.134121
3.79639 0.138726
3.79883 0.13007
3.80127 0.136259
3.80371 0.132776
3.80615 0.130099
3.80859 0.135966
3.81104 0.127542
3.81348 0.132185
3.81592 0.130722
3.81836 0.126359
3.8208 0.132586
3.82324 0.125147
3.82568 0.128031
3.82812 0.128317
3.83057 0.122846
3.83301 0.128884
3.83545 0.122746
3.83789 0.123936
3.84033 0.125646
3.84277 0.119736
3.84521 0.124864
3.84766 0.120434
3.8501 0.120179
3.85254 0.122554
3.85498 0.117175
3.85742 0.120829
3.85986 0.118015
3.8623 0.11702
3.86475 0.119251
3.86719 0.114911
3.86963 0.11729
3.87207 0.115347
3.87451 0.114428
3.87695 0.116093
3.87939 0.112722
3.88184 0.114339
3.88428 0.112677
3.88672 0.112211
3.88916 0.113221
3.8916 0.110612
3.89404 0.111956
3.89648 0.109982
3.89893 0.110333
3.90137 0.110692
3.90381 0.10846
3.90625 0.110126
3.90869 0.107374
3.91113 0.108508
3.91357 0.108644
3.91602 0.106088
3.91846 0.108646
3.9209 0.104962
3.92334 0.106407
3.92578 0.107048
3.92822 0.103526
3.93066 0.107122
3.93311 0.102841
3.93555 0.103919
3.93799 0.105622
3.94043 0.100846
3.94287 0.105267
3.94531 0.100971
3.94775 0.101013
3.9502 0.104062
3.95264 0.0981631
3.95508 0.102877
3.95752 0.0991448
3.95996 0.0977884
3.9624 0.102117
3.96484 0.0954833
3.96729 0.0998388
3.96973 0.0973674
3.97217 0.094255
3.97461 0.0997245
3.97705 0.0928519
3.97949 0.0962248
3.98193 0.0954719
3.98438 0.0906291
3.98682 0.0967358
3.98926 0.0904217
3.9917 0.0921981
3.99414 0.0932734
3.99658 0.0873186
3.99902 0.0931896
4.00146 0.0880656
4.00391 0.0882373
4.00635 0.0906703
4.00879 0.0843632
4.01123 0.0894529
4.01367 0.0857256
4.01611 0.0845587
4.01855 0.0878241
4.021 0.0818181
4.02344 0.0857535
4.02588 0.0835674
4.02832 0.0812631
4.03076 0.0849516
4.0332 0.0797725
4.03564 0.0823347
4.03809 0.0814972
4.04053 0.0787144
4.04297 0.0820598
4.04541 0.0781559
4.04785 0.0795894
4.05029 0.0794156
4.05273 0.0768876
4.05518 0.0794861
4.05762 0.076716
4.06006 0.077619
4.0625 0.0774461
4.06494 0.0755282
4.06738 0.0774095
4.06982 0.0753582
4.07227 0.0762136
4.07471 0.0757006
4.07715 0.0744171
4.07959 0.0757507
4.08203 0.074019
4.08447 0.0752088
4.08691 0.0740741
4.08936 0.073331
4.0918 0.0744803
4.09424 0.0724472
4.09668 0.0743613
4.09912 0.0725599
4.10156 0.0719701
4.104 0.073441
4.10645 0.0706215
4.10889 0.0732783
4.11133 0.071149
4.11377 0.070105
4.11621 0.0723507
4.11865 0.0685799
4.12109 0.0716055
4.12354 0.0697104
4.12598 0.0677402
4.12842 0.0708649
4.13086 0.0663829
4.1333 0.069213
4.13574 0.0681536
4.13818 0.0649256
4.14062 0.0688585
4.14307 0.0640457
4.14551 0.0662027
4.14795 0.0662718
4.15039 0.0618418
4.15283 0.0663166
4.15527 0.0616028
4.15771 0.062713
4.16016 0.0641076
4.1626 0.0586993
4.16504 0.0632376
4.16748 0.0592681
4.16992 0.0589877
4.17236 0.0616696
4.1748 0.0557979
4.17725 0.0598274
4.17969 0.0571322
4.18213 0.0554709
4.18457 0.0589573
4.18701 0.0534136
4.18945 0.0564299
4.19189 0.0551407
4.19434 0.0524934
4.19678 0.0563073
4.19922 0.051463
4.20166 0.0534997
4.2041 0.0534049
4.20654 0.0502178
4.20898 0.053933
4.21143 0.0500775
4.21387 0.0511866
4.21631 0.0520095
4.21875 0.0487598
4.22119 0.0519179
4.22363 0.0492686
4.22607 0.0495998
4.22852 0.0508658
4.23096 0.048097
4.2334 0.0503916
4.23584 0.0487358
4.23828 0.0488229
4.24072 0.0499339
4.24316 0.0478844
4.24561 0.0494756
4.24805 0.0482947
4.25049 0.0485366
4.25293 0.0492518
4.25537 0.0477661
4.25781 0.0489789
4.26025 0.0477741
4.2627 0.0483979
4.26514 0.0486151
4.26758 0.0474726
4.27002 0.0485851
4.27246 0.0470066
4.2749 0.0480742
4.27734 0.0478558
4.27979 0.0467166
4.28223 0.0480938
4.28467 0.0458122
4.28711 0.0472208
4.28955 0.0468837
4.29199 0.0452816
4.29443 0.0471932
4.29688 0.0442189
4.29932 0.0456125
4.30176 0.0456066
4.3042 0.0431539
4.30664 0.045695
4.30908 0.0422789
4.31152 0.0432043
4.31396 0.0438984
4.31641 0.0405385
4.31885 0.0434778
4.32129 0.0400609
4.32373 0.0402188
4.32617 0.0417371
4.32861 0.0376886
4.33105 0.0406689
4.3335 0.0377686
4.33594 0.0369487
4.33838 0.0392836
4.34082 0.0348542
4.34326 0.0375977
4.3457 0.035552
4.34814 0.0337361
4.35059 0.0367832
4.35303 0.0323827
4.35547 0.0345151
4.35791 0.0336787
4.36035 0.0309858
4.36279 0.0344136
4.36523 0.0305296
4.36768 0.0318504
4.37012 0.0321768
4.37256 0.029075
4.375 0.0323937
4.37744 0.029397
4.37988 0.0299708
4.38232 0.0310952
4.38477 0.0281052
4.38721 0.0310012
4.38965 0.0289418
4.39209 0.0289419
4.39453 0.0305939
4.39697 0.0279432
4.39941 0.0302963
4.40186 0.0290938
4.4043 0.0287083
4.40674 0.0305103
4.40918 0.0284423
4.41162 0.0301577
4.41406 0.0295861
4.4165 0.0291085
4.41895 0.0306461
4.42139 0.0292422
4.42383 0.0304795
4.42627 0.0300413
4.42871 0.0298066
4.43115 0.0308462
4.43359 0.029871
4.43604 0.0309468
4.43848 0.0302531
4.44092 0.0302796
4.44336 0.0308948
4.4458 0.0300084
4.44824 0.0311361
4.45068 0.0300005
4.45312 0.0301829
4.45557 0.0305336
4.45801 0.0294206
4.46045 0.0307621
4.46289 0.0291266
4.46533 0.0293013
4.46777 0.029608
4.47021 0.0279918
4.47266 0.029657
4.4751 0.0275907
4.47754 0.0275302
4.47998 0.0280961
4.48242 0.025815
4.48486 0.0277427
4.4873 0.0255595
4.48975 0.0250079
4.49219 0.0260306
4.49463 0.0231742
4.49707 0.0251271
4.49951 0.0232688
4.50195 0.0220174
4.50439 0.0236119
4.50684 0.0204365
4.50928 0.0221544
4.51172 0.0209382
4.51416 0.0190553
4.5166 0.0211108
4.51904 0.0179585
4.52148 0.0192782
4.52393 0.0188721
4.52637 0.0165248
4.52881 0.0188829
4.53125 0.0160638
4.53369 0.0169128
4.53613 0.0173398
4.53857 0.0147581
4.54102 0.017225
4.54346 0.0150305
4.5459 0.0153313
4.54834 0.0165036
4.55078 0.0140243
4.55322 0.0162676
4.55566 0.0149285
4.55811 0.0147539
4.56055 0.0163788
4.56299 0.0142781
4.56543 0.0161715
4.56787 0.0155663
4.57031 0.0151702
4.57275 0.0168911
4.5752 0.0152811
4.57764 0.0168452
4.58008 0.0167229
4.58252 0.0162654
4.58496 0.017867
4.5874 0.0166914
4.58984 0.0179486
4.59229 0.018084
4.59473 0.0176688
4.59717 0.0189214
4.59961 0.0181106
4.60205 0.0191187
4.60449 0.0191997
4.60693 0.0189272
4.60938 0.0197381
4.61182 0.0190513
4.61426 0.019976
4.6167 0.0197413
4.61914 0.0195714
4.62158 0.0200601
4.62402 0.0191697
4.62646 0.0201505
4.62891 0.0195279
4.63135 0.0192824
4.63379 0.0196331
4.63623 0.0183662
4.63867 0.0193737
4.64111 0.0184477
4.64355 0.0179976
4.646 0.0183683
4.64844 0.0166596
4.65088 0.0176661
4.65332 0.0165954
4.65576 0.0158375
4.6582 0.0163686
4.66064 0.0142864
4.66309 0.0152125
4.66553 0.0142432
4.66797 0.0130858
4.67041 0.0139348
4.67285 0.0116114
4.67529 0.0123699
4.67773 0.0117515
4.68018 0.0102173
4.68262 0.0113833
4.68506 0.0090934
4.6875 0.00960913
4.68994 0.00950342
4.69238 0.00773715
4.69482 0.00911998
4.69727 0.00716974
4.69971 0.0074036
4.70215 0.00783518
4.70459 0.00606356
4.70703 0.00753722
4.70947 0.0061014
4.71191 0.0061353
4.71436 0.00702331
4.7168 0.00541885
4.71924 0.00688714
4.72168 0.00605838
4.72412 0.00594272
4.72656 0.00719314
4.729 0.00583957
4.73145 0.00723403
4.73389 0.00698689
4.73633 0.00679791
4.73877 0.0082062
4.74121 0.00720022
4.74365 0.00841779
4.74609 0.00860326
4.74854 0.00846421
4.75098 0.00978551
4.75342 0.00910269
4.75586 0.0101585
4.7583 0.0105148
4.76074 0.0104704
4.76318 0.0116029
4.76562 0.0110663
4.76807 0.0119913
4.77051 0.0123217
4.77295 0.0122885
4.77539 0.0132023
4.77783 0.0126481
4.78027 0.0134029
4.78271 0.013583
4.78516 0.0134727
4.7876 0.0141475
4.79004 0.0134498
4.79248 0.0140444
4.79492 0.0139339
4.79736 0.013699
4.7998 0.0141842
4.80225 0.0132063
4.80469 0.0136514
4.80713 0.0132786
4.80957 0.0128038
4.81201 0.0132123
4.81445 0.0119336
4.81689 0.0121972
4.81934 0.0116902
4.82178 0.0109189
4.82422 0.0113192
4.82666 0.00985746
4.8291 0.00989073
4.83154 0.00939413
4.83398 0.00838297
4.83643 0.0088135
4.83887 0.00729679
4.84131 0.00716684
4.84375 0.00679922
4.84619 0.00564744
4.84863 0.00614559
4.85107 0.00474037
4.85352 0.00452169
4.85596 0.00437835
4.8584 0.00322519
4.86084 0.00380217
4.86328 0.00267865
4.86572 0.00243473
4.86816 0.00259329
4.87061 0.0015718
4.87305 0.00221824
4.87549 0.0014822
4.87793 0.00131598
4.88037 0.00175912
4.88281 0.000979974
4.88525 0.00168868
4.8877 0.00136537
4.89014 0.00135727
4.89258 0.00202229
4.89502 0.00152551
4.89746 0.00231634
4.8999 0.00230442
4.90234 0.00251339
4.90479 0.00332571
4.90723 0.00305182
4.90967 0.00393323
4.91211 0.00411905
4.91455 0.00448328
4.91699 0.00538712
4.91943 0.00523545
4.92188 0.00615107
4.92432 0.00642654
4.92676 0.00683025
4.9292 0.00774723
4.93164 0.00761099
4.93408 0.00848348
4.93652 0.00871271
4.93896 0.0090499
4.94141 0.00991016
4.94385 0.009652
4.94629 0.0104325
4.94873 0.0105126
4.95117 0.0106224
4.95361 0.0114272
4.95605 0.0109404
4.9585 0.0115077
4.96094 0.0114513
4.96338 0.0112144
4.96582 0.0118968
4.96826 0.0112208
4.9707 0.0114479
4.97314 0.0112904
4.97559 0.0107074
4.97803 0.0112005
4.98047 0.0104003
4.98291 0.010276
4.98535 0.0100267
4.98779 0.0091746
4.99023 0.00947421
4.99268 0.0086263
4.99512 0.00818552
4.99756 0.00793523
