-5 1.26982e-07
-4.99756 1.32038e-07
-4.99512 1.37288e-07
-4.99268 1.42739e-07
-4.99023 1.48401e-07
-4.98779 1.54279e-07
-4.98535 1.60383e-07
-4.98291 1.6672e-07
-4.98047 1.733e-07
-4.97803 1.8013e-07
-4.97559 1.87221e-07
-4.97314 1.94581e-07
-4.9707 2.02222e-07
-4.96826 2.10152e-07
-4.96582 2.18383e-07
-4.96338 2.26925e-07
-4.96094 2.35791e-07
-4.9585 2.44991e-07
-4.95605 2.54538e-07
-4.95361 2.64444e-07
-4.95117 2.74722e-07
-4.94873 2.85387e-07
-4.94629 2.96451e-07
-4.94385 3.0793e-07
-4.94141 3.19838e-07
-4.93896 3.32191e-07
-4.93652 3.45004e-07
-4.93408 3.58294e-07
-4.93164 3.72079e-07
-4.9292 3.86375e-07
-4.92676 4.01202e-07
-4.92432 4.16578e-07
-4.92188 4.32522e-07
-4.91943 4.49056e-07
-4.91699 4.66199e-07
-4.91455 4.83973e-07
-4.91211 5.02401e-07
-4.90967 5.21506e-07
-4.90723 5.41312e-07
-4.90479 5.61843e-07
-4.90234 5.83125e-07
-4.8999 6.05184e-07
-4.89746 6.28048e-07
-4.89502 6.51744e-07
-4.89258 6.76302e-07
-4.89014 7.01753e-07
-4.8877 7.28126e-07
-4.88525 7.55454e-07
-4.88281 7.83771e-07
-4.88037 8.1311e-07
-4.87793 8.43507e-07
-4.87549 8.74999e-07
-4.87305 9.07624e-07
-4.87061 9.41419e-07
-4.86816 9.76427e-07
-4.86572 1.01269e-06
-4.86328 1.05025e-06
-4.86084 1.08915e-06
-4.8584 1.12943e-06
-4.85596 1.17115e-06
-4.85352 1.21435e-06
-4.85107 1.25909e-06
-4.84863 1.30541e-06
-4.84619 1.35338e-06
-4.84375 1.40303e-06
-4.84131 1.45444e-06
-4.83887 1.50767e-06
-4.83643 1.56276e-06
-4.83398 1.61979e-06
-4.83154 1.67883e-06
-4.8291 1.73993e-06
-4.82666 1.80317e-06
-4.82422 1.86861e-06
-4.82178 1.93634e-06
-4.81934 2.00644e-06
-4.81689 2.07896e-06
-4.81445 2.15401e-06
-4.81201 2.23166e-06
-4.80957 2.312e-06
-4.80713 2.39512e-06
-4.80469 2.48111e-06
-4.80225 2.57006e-06
-4.7998 2.66207e-06
-4.79736 2.75725e-06
-4.79492 2.85569e-06
-4.79248 2.95751e-06
-4.79004 3.06281e-06
-4.7876 3.17171e-06
-4.78516 3.28433e-06
-4.78271 3.40078e-06
-4.78027 3.52119e-06
-4.77783 3.64569e-06
-4.77539 3.77441e-06
-4.77295 3.9075e-06
-4.77051 4.04508e-06
-4.76807 4.18731e-06
-4.76562 4.33433e-06
-4.76318 4.4863e-06
-4.76074 4.64337e-06
-4.7583 4.80572e-06
-4.75586 4.9735e-06
-4.75342 5.1469e-06
-4.75098 5.32609e-06
-4.74854 5.51125e-06
-4.74609 5.70258e-06
-4.74365 5.90027e-06
-4.74121 6.10453e-06
-4.73877 6.31555e-06
-4.73633 6.53356e-06
-4.73389 6.75877e-06
-4.73145 6.9914e-06
-4.729 7.2317e-06
-4.72656 7.47991e-06
-4.72412 7.73626e-06
-4.72168 8.00102e-06
-4.71924 8.27444e-06
-4.7168 8.5568e-06
-4.71436 8.84838e-06
-4.71191 9.14945e-06
-4.70947 9.46032e-06
-4.70703 9.78128e-06
-4.70459 1.01126e-05
-4.70215 1.04547e-05
-4.69971 1.08079e-05
-4.69727 1.11724e-05
-4.69482 1.15487e-05
-4.69238 1.19371e-05
-4.68994 1.2338e-05
-4.6875 1.27517e-05
-4.68506 1.31787e-05
-4.68262 1.36193e-05
-4.68018 1.4074e-05
-4.67773 1.45432e-05
-4.67529 1.50273e-05
-4.67285 1.55267e-05
-4.67041 1.6042e-05
-4.66797 1.65736e-05
-4.66553 1.71221e-05
-4.66309 1.76878e-05
-4.66064 1.82713e-05
-4.6582 1.88732e-05
-4.65576 1.9494e-05
-4.65332 2.01342e-05
-4.65088 2.07945e-05
-4.64844 2.14754e-05
-4.646 2.21775e-05
-4.64355 2.29016e-05
-4.64111 2.36481e-05
-4.63867 2.44178e-05
-4.63623 2.52113e-05
-4.63379 2.60294e-05
-4.63135 2.68727e-05
-4.62891 2.77421e-05
-4.62646 2.86382e-05
-4.62402 2.95618e-05
-4.62158 3.05138e-05
-4.61914 3.1495e-05
-4.6167 3.25061e-05
-4.61426 3.35481e-05
-4.61182 3.46218e-05
-4.60938 3.57282e-05
-4.60693 3.68682e-05
-4.60449 3.80428e-05
-4.60205 3.92529e-05
-4.59961 4.04996e-05
-4.59717 4.17839e-05
-4.59473 4.31068e-05
-4.59229 4.44696e-05
-4.58984 4.58732e-05
-4.5874 4.73188e-05
-4.58496 4.88077e-05
-4.58252 5.0341e-05
-4.58008 5.19201e-05
-4.57764 5.35461e-05
-4.5752 5.52204e-05
-4.57275 5.69443e-05
-4.57031 5.87192e-05
-4.56787 6.05466e-05
-4.56543 6.24279e-05
-4.56299 6.43646e-05
-4.56055 6.63582e-05
-4.55811 6.84102e-05
-4.55566 7.05224e-05
-4.55322 7.26963e-05
-4.55078 7.49336e-05
-4.54834 7.72362e-05
-4.5459 7.96056e-05
-4.54346 8.20439e-05
-4.54102 8.45528e-05
-4.53857 8.71343e-05
-4.53613 8.97903e-05
-4.53369 9.25228e-05
-4.53125 9.5334e-05
-4.52881 9.82259e-05
-4.52637 0.000101201
-4.52393 0.000104261
-4.52148 0.000107408
-4.51904 0.000110645
-4.5166 0.000113974
-4.51416 0.000117398
-4.51172 0.000120919
-4.50928 0.000124539
-4.50684 0.000128262
-4.50439 0.00013209
-4.50195 0.000136025
-4.49951 0.000140071
-4.49707 0.000144231
-4.49463 0.000148507
-4.49219 0.000152902
-4.48975 0.00015742
-4.4873 0.000162064
-4.48486 0.000166837
-4.48242 0.000171742
-4.47998 0.000176783
-4.47754 0.000181963
-4.4751 0.000187287
-4.47266 0.000192756
-4.47021 0.000198376
-4.46777 0.00020415
-4.46533 0.000210083
-4.46289 0.000216177
-4.46045 0.000222437
-4.45801 0.000228868
-4.45557 0.000235474
-4.45312 0.000242258
-4.45068 0.000249226
-4.44824 0.000256383
-4.4458 0.000263732
-4.44336 0.000271279
-4.44092 0.000279029
-4.43848 0.000286986
-4.43604 0.000295156
-4.43359 0.000303545
-4.43115 0.000312157
-4.42871 0.000320997
-4.42627 0.000330073
-4.42383 0.000339389
-4.42139 0.000348951
-4.41895 0.000358766
-4.4165 0.000368839
-4.41406 0.000379176
-4.41162 0.000389785
-4.40918 0.000400672
-4.40674 0.000411843
-4.4043 0.000423305
-4.40186 0.000435066
-4.39941 0.000447132
-4.39697 0.000459511
-4.39453 0.00047221
-4.39209 0.000485236
-4.38965 0.000498599
-4.38721 0.000512305
-4.38477 0.000526362
-4.38232 0.00054078
-4.37988 0.000555565
-4.37744 0.000570728
-4.375 0.000586277
-4.37256 0.000602221
-4.37012 0.000618569
-4.36768 0.00063533
-4.36523 0.000652514
-4.36279 0.000670132
-4.36035 0.000688192
-4.35791 0.000706705
-4.35547 0.000725681
-4.35303 0.000745132
-4.35059 0.000765067
-4.34814 0.000785498
-4.3457 0.000806437
-4.34326 0.000827894
-4.34082 0.000849881
-4.33838 0.000872411
-4.33594 0.000895495
-4.3335 0.000919146
-4.33105 0.000943377
-4.32861 0.000968201
-4.32617 0.000993631
-4.32373 0.00101968
-4.32129 0.00104636
-4.31885 0.00107369
-4.31641 0.00110168
-4.31396 0.00113035
-4.31152 0.0011597
-4.30908 0.00118976
-4.30664 0.00122055
-4.3042 0.00125207
-4.30176 0.00128434
-4.29932 0.00131738
-4.29688 0.00135121
-4.29443 0.00138584
-4.29199 0.00142129
-4.28955 0.00145757
-4.28711 0.00149471
-4.28467 0.00153273
-4.28223 0.00157164
-4.27979 0.00161145
-4.27734 0.0016522
-4.2749 0.0016939
-4.27246 0.00173657
-4.27002 0.00178022
-4.26758 0.00182489
-4.26514 0.00187059
-4.2627 0.00191734
-4.26025 0.00196517
-4.25781 0.00201409
-4.25537 0.00206413
-4.25293 0.00211532
-4.25049 0.00216767
-4.24805 0.00222121
-4.24561 0.00227597
-4.24316 0.00233196
-4.24072 0.00238922
-4.23828 0.00244777
-4.23584 0.00250763
-4.2334 0.00256883
-4.23096 0.0026314
-4.22852 0.00269537
-4.22607 0.00276076
-4.22363 0.0028276
-4.22119 0.00289592
-4.21875 0.00296575
-4.21631 0.00303712
-4.21387 0.00311006
-4.21143 0.0031846
-4.20898 0.00326077
-4.20654 0.00333861
-4.2041 0.00341814
-4.20166 0.00349939
-4.19922 0.00358241
-4.19678 0.00366722
-4.19434 0.00375386
-4.19189 0.00384236
-4.18945 0.00393276
-4.18701 0.0040251
-4.18457 0.00411941
-4.18213 0.00421573
-4.17969 0.00431409
-4.17725 0.00441454
-4.1748 0.00451711
-4.17236 0.00462185
-4.16992 0.00472879
-4.16748 0.00483797
-4.16504 0.00494944
-4.1626 0.00506323
-4.16016 0.00517939
-4.15771 0.00529797
-4.15527 0.005419
-4.15283 0.00554253
-4.15039 0.00566861
-4.14795 0.00579727
-4.14551 0.00592858
-4.14307 0.00606257
-4.14062 0.0061993
-4.13818 0.0063388
-4.13574 0.00648114
-4.1333 0.00662635
-4.13086 0.0067745
-4.12842 0.00692563
-4.12598 0.00707979
-4.12354 0.00723704
-4.12109 0.00739743
-4.11865 0.00756101
-4.11621 0.00772785
-4.11377 0.00789798
-4.11133 0.00807148
-4.10889 0.00824839
-4.10645 0.00842878
-4.104 0.00861271
-4.10156 0.00880023
-4.09912 0.0089914
-4.09668 0.00918629
-4.09424 0.00938495
-4.0918 0.00958746
-4.08936 0.00979386
-4.08691 0.0100042
-4.08447 0.0102186
-4.08203 0.0104371
-4.07959 0.0106598
-4.07715 0.0108867
-4.07471 0.0111179
-4.07227 0.0113535
-4.06982 0.0115935
-4.06738 0.011838
-4.06494 0.0120871
-4.0625 0.0123408
-4.06006 0.0125993
-4.05762 0.0128626
-4.05518 0.0131307
-4.05273 0.0134038
-4.05029 0.0136819
-4.04785 0.0139652
-4.04541 0.0142536
-4.04297 0.0145473
-4.04053 0.0148463
-4.03809 0.0151507
-4.03564 0.0154607
-4.0332 0.0157762
-4.03076 0.0160974
-4.02832 0.0164244
-4.02588 0.0167572
-4.02344 0.0170959
-4.021 0.0174407
-4.01855 0.0177915
-4.01611 0.0181486
-4.01367 0.0185119
-4.01123 0.0188816
-4.00879 0.0192578
-4.00635 0.0196405
-4.00391 0.0200299
-4.00146 0.020426
-3.99902 0.020829
-3.99658 0.0212389
-3.99414 0.0216558
-3.9917 0.0220799
-3.98926 0.0225112
-3.98682 0.0229498
-3.98438 0.0233959
-3.98193 0.0238495
-3.97949 0.0243107
-3.97705 0.0247797
-3.97461 0.0252565
-3.97217 0.0257413
-3.96973 0.0262341
-3.96729 0.026735
-3.96484 0.0272443
-3.9624 0.0277619
-3.95996 0.028288
-3.95752 0.0288227
-3.95508 0.0293661
-3.95264 0.0299183
-3.9502 0.0304795
-3.94775 0.0310497
-3.94531 0.031629
-3.94287 0.0322176
-3.94043 0.0328156
-3.93799 0.0334232
-3.93555 0.0340403
-3.93311 0.0346672
-3.93066 0.035304
-3.92822 0.0359507
-3.92578 0.0366075
-3.92334 0.0372746
-3.9209 0.037952
-3.91846 0.0386399
-3.91602 0.0393383
-3.91357 0.0400475
-3.91113 0.0407675
-3.90869 0.0414985
-3.90625 0.0422406
-3.90381 0.0429939
-3.90137 0.0437585
-3.89893 0.0445346
-3.89648 0.0453224
-3.89404 0.0461218
-3.8916 0.0469331
-3.88916 0.0477565
-3.88672 0.0485919
-3.88428 0.0494396
-3.88184 0.0502997
-3.87939 0.0511723
-3.87695 0.0520576
-3.87451 0.0529556
-3.87207 0.0538666
-3.86963 0.0547907
-3.86719 0.0557279
-3.86475 0.0566785
-3.8623 0.0576425
-3.85986 0.0586201
-3.85742 0.0596115
-3.85498 0.0606167
-3.85254 0.061636
-3.8501 0.0626694
-3.84766 0.0637171
-3.84521 0.0647792
-3.84277 0.0658559
-3.84033 0.0669473
-3.83789 0.0680535
-3.83545 0.0691748
-3.83301 0.0703111
-3.83057 0.0714627
-3.82812 0.0726297
-3.82568 0.0738122
-3.82324 0.0750104
-3.8208 0.0762244
-3.81836 0.0774544
-3.81592 0.0787005
-3.81348 0.0799628
-3.81104 0.0812414
-3.80859 0.0825366
-3.80615 0.0838485
-3.80371 0.0851771
-3.80127 0.0865226
-3.79883 0.0878853
-3.79639 0.0892651
-3.79395 0.0906622
-3.7915 0.0920769
-3.78906 0.0935091
-3.78662 0.0949591
-3.78418 0.096427
-3.78174 0.0979129
-3.7793 0.099417
-3.77686 0.100939
-3.77441 0.10248
-3.77197 0.104039
-3.76953 0.105618
-3.76709 0.107214
-3.76465 0.10883
-3.76221 0.110465
-3.75977 0.112119
-3.75732 0.113793
-3.75488 0.115486
-3.75244 0.117198
-3.75 0.11893
-3.74756 0.120682
-3.74512 0.122454
-3.74268 0.124247
-3.74023 0.126059
-3.73779 0.127892
-3.73535 0.129745
-3.73291 0.131619
-3.73047 0.133513
-3.72803 0.135428
-3.72559 0.137364
-3.72314 0.139322
-3.7207 0.1413
-3.71826 0.1433
-3.71582 0.145321
-3.71338 0.147363
-3.71094 0.149427
-3.7085 0.151513
-3.70605 0.15362
-3.70361 0.15575
-3.70117 0.157901
-3.69873 0.160075
-3.69629 0.16227
-3.69385 0.164488
-3.69141 0.166729
-3.68896 0.168991
-3.68652 0.171277
-3.68408 0.173585
-3.68164 0.175915
-3.6792 0.178269
-3.67676 0.180645
-3.67432 0.183044
-3.67188 0.185466
-3.66943 0.187912
-3.66699 0.19038
-3.66455 0.192872
-3.66211 0.195387
-3.65967 0.197925
-3.65723 0.200487
-3.65479 0.203073
-3.65234 0.205681
-3.6499 0.208314
-3.64746 0.21097
-3.64502 0.213649
-3.64258 0.216353
-3.64014 0.21908
-3.6377 0.221831
-3.63525 0.224606
-3.63281 0.227405
-3.63037 0.230227
-3.62793 0.233074
-3.62549 0.235944
-3.62305 0.238839
-3.62061 0.241757
-3.61816 0.244699
-3.61572 0.247666
-3.61328 0.250656
-3.61084 0.253671
-3.6084 0.256709
-3.60596 0.259771
-3.60352 0.262858
-3.60107 0.265968
-3.59863 0.269103
-3.59619 0.272261
-3.59375 0.275443
-3.59131 0.278649
-3.58887 0.281879
-3.58643 0.285133
-3.58398 0.288411
-3.58154 0.291712
-3.5791 0.295038
-3.57666 0.298387
-3.57422 0.301759
-3.57178 0.305155
-3.56934 0.308575
-3.56689 0.312018
-3.56445 0.315484
-3.56201 0.318974
-3.55957 0.322487
-3.55713 0.326023
-3.55469 0.329582
-3.55225 0.333164
-3.5498 0.336769
-3.54736 0.340397
-3.54492 0.344047
-3.54248 0.34772
-3.54004 0.351415
-3.5376 0.355133
-3.53516 0.358873
-3.53271 0.362635
-3.53027 0.366419
-3.52783 0.370225
-3.52539 0.374053
-3.52295 0.377902
-3.52051 0.381772
-3.51807 0.385664
-3.51562 0.389577
-3.51318 0.393511
-3.51074 0.397465
-3.5083 0.40144
-3.50586 0.405436
-3.50342 0.409452
-3.50098 0.413488
-3.49854 0.417543
-3.49609 0.421619
-3.49365 0.425714
-3.49121 0.429828
-3.48877 0.433961
-3.48633 0.438113
-3.48389 0.442284
-3.48145 0.446473
-3.479 0.45068
-3.47656 0.454906
-3.47412 0.459149
-3.47168 0.463409
-3.46924 0.467687
-3.4668 0.471982
-3.46436 0.476293
-3.46191 0.480621
-3.45947 0.484965
-3.45703 0.489325
-3.45459 0.493701
-3.45215 0.498092
-3.44971 0.502498
-3.44727 0.506919
-3.44482 0.511355
-3.44238 0.515804
-3.43994 0.520268
-3.4375 0.524745
-3.43506 0.529236
-3.43262 0.533739
-3.43018 0.538255
-3.42773 0.542784
-3.42529 0.547324
-3.42285 0.551876
-3.42041 0.55644
-3.41797 0.561014
-3.41553 0.565599
-3.41309 0.570195
-3.41064 0.5748
-3.4082 0.579415
-3.40576 0.584039
-3.40332 0.588672
-3.40088 0.593313
-3.39844 0.597962
-3.396 0.602619
-3.39355 0.607284
-3.39111 0.611955
-3.38867 0.616633
-3.38623 0.621317
-3.38379 0.626007
-3.38135 0.630702
-3.37891 0.635402
-3.37646 0.640106
-3.37402 0.644815
-3.37158 0.649527
-3.36914 0.654243
-3.3667 0.658961
-3.36426 0.663682
-3.36182 0.668404
-3.35938 0.673128
-3.35693 0.677853
-3.35449 0.682579
-3.35205 0.687305
-3.34961 0.692031
-3.34717 0.696756
-3.34473 0.70148
-3.34229 0.706202
-3.33984 0.710922
-3.3374 0.715639
-3.33496 0.720354
-3.33252 0.725064
-3.33008 0.729771
-3.32764 0.734474
-3.3252 0.739171
-3.32275 0.743863
-3.32031 0.748549
-3.31787 0.753229
-3.31543 0.757902
-3.31299 0.762567
-3.31055 0.767225
-3.30811 0.771874
-3.30566 0.776515
-3.30322 0.781146
-3.30078 0.785767
-3.29834 0.790378
-3.2959 0.794978
-3.29346 0.799566
-3.29102 0.804143
-3.28857 0.808707
-3.28613 0.813259
-3.28369 0.817797
-3.28125 0.822321
-3.27881 0.826831
-3.27637 0.831326
-3.27393 0.835806
-3.27148 0.840269
-3.26904 0.844716
-3.2666 0.849147
-3.26416 0.853559
-3.26172 0.857954
-3.25928 0.86233
-3.25684 0.866688
-3.25439 0.871025
-3.25195 0.875343
-3.24951 0.87964
-3.24707 0.883916
-3.24463 0.888171
-3.24219 0.892403
-3.23975 0.896613
-3.2373 0.9008
-3.23486 0.904963
-3.23242 0.909102
-3.22998 0.913217
-3.22754 0.917306
-3.2251 0.92137
-3.22266 0.925408
-3.22021 0.929419
-3.21777 0.933402
-3.21533 0.937359
-3.21289 0.941287
-3.21045 0.945186
-3.20801 0.949057
-3.20557 0.952897
-3.20312 0.956708
-3.20068 0.960488
-3.19824 0.964238
-3.1958 0.967955
-3.19336 0.971641
-3.19092 0.975294
-3.18848 0.978914
-3.18604 0.982501
-3.18359 0.986054
-3.18115 0.989572
-3.17871 0.993056
-3.17627 0.996505
-3.17383 0.999917
-3.17139 1.00329
-3.16895 1.00663
-3.1665 1.00994
-3.16406 1.0132
-3.16162 1.01643
-3.15918 1.01962
-3.15674 1.02277
-3.1543 1.02588
-3.15186 1.02895
-3.14941 1.03198
-3.14697 1.03498
-3.14453 1.03793
-3.14209 1.04084
-3.13965 1.0437
-3.13721 1.04653
-3.13477 1.04931
-3.13232 1.05205
-3.12988 1.05475
-3.12744 1.0574
-3.125 1.06001
-3.12256 1.06258
-3.12012 1.0651
-3.11768 1.06758
-3.11523 1.07001
-3.11279 1.07239
-3.11035 1.07473
-3.10791 1.07703
-3.10547 1.07927
-3.10303 1.08147
-3.10059 1.08363
-3.09814 1.08573
-3.0957 1.08779
-3.09326 1.0898
-3.09082 1.09176
-3.08838 1.09367
-3.08594 1.09553
-3.0835 1.09735
-3.08105 1.09911
-3.07861 1.10083
-3.07617 1.10249
-3.07373 1.10411
-3.07129 1.10567
-3.06885 1.10719
-3.06641 1.10865
-3.06396 1.11006
-3.06152 1.11142
-3.05908 1.11273
-3.05664 1.11399
-3.0542 1.1152
-3.05176 1.11635
-3.04932 1.11746
-3.04688 1.11851
-3.04443 1.1195
-3.04199 1.12045
-3.03955 1.12134
-3.03711 1.12218
-3.03467 1.12297
-3.03223 1.1237
-3.02979 1.12438
-3.02734 1.12501
-3.0249 1.12558
-3.02246 1.1261
-3.02002 1.12657
-3.01758 1.12699
-3.01514 1.12735
-3.0127 1.12765
-3.01025 1.1279
-3.00781 1.1281
-3.00537 1.12825
-3.00293 1.12834
-3.00049 1.12838
-2.99805 1.12836
-2.99561 1.12829
-2.99316 1.12817
-2.99072 1.12799
-2.98828 1.12776
-2.98584 1.12747
-2.9834 1.12714
-2.98096 1.12674
-2.97852 1.1263
-2.97607 1.1258
-2.97363 1.12525
-2.97119 1.12464
-2.96875 1.12398
-2.96631 1.12327
-2.96387 1.1225
-2.96143 1.12168
-2.95898 1.12081
-2.95654 1.11989
-2.9541 1.11891
-2.95166 1.11788
-2.94922 1.1168
-2.94678 1.11567
-2.94434 1.11448
-2.94189 1.11324
-2.93945 1.11195
-2.93701 1.11061
-2.93457 1.10922
-2.93213 1.10778
-2.92969 1.10628
-2.92725 1.10474
-2.9248 1.10314
-2.92236 1.1015
-2.91992 1.0998
-2.91748 1.09806
-2.91504 1.09626
-2.9126 1.09442
-2.91016 1.09253
-2.90771 1.09059
-2.90527 1.0886
-2.90283 1.08656
-2.90039 1.08447
-2.89795 1.08234
-2.89551 1.08016
-2.89307 1.07793
-2.89062 1.07566
-2.88818 1.07333
-2.88574 1.07097
-2.8833 1.06856
-2.88086 1.0661
-2.87842 1.06359
-2.87598 1.06105
-2.87354 1.05845
-2.87109 1.05582
-2.86865 1.05314
-2.86621 1.05041
-2.86377 1.04765
-2.86133 1.04484
-2.85889 1.04199
-2.85645 1.0391
-2.854 1.03616
-2.85156 1.03319
-2.84912 1.03017
-2.84668 1.02711
-2.84424 1.02402
-2.8418 1.02088
-2.83936 1.01771
-2.83691 1.0145
-2.83447 1.01125
-2.83203 1.00796
-2.82959 1.00463
-2.82715 1.00127
-2.82471 0.997874
-2.82227 0.99444
-2.81982 0.99097
-2.81738 0.987465
-2.81494 0.983926
-2.8125 0.980353
-2.81006 0.976746
-2.80762 0.973106
-2.80518 0.969433
-2.80273 0.965728
-2.80029 0.961992
-2.79785 0.958224
-2.79541 0.954425
-2.79297 0.950597
-2.79053 0.946738
-2.78809 0.94285
-2.78564 0.938933
-2.7832 0.934988
-2.78076 0.931015
-2.77832 0.927015
-2.77588 0.922988
-2.77344 0.918935
-2.771 0.914856
-2.76855 0.910751
-2.76611 0.906622
-2.76367 0.902468
-2.76123 0.898291
-2.75879 0.89409
-2.75635 0.889867
-2.75391 0.885621
-2.75146 0.881353
-2.74902 0.877065
-2.74658 0.872755
-2.74414 0.868425
-2.7417 0.864076
-2.73926 0.859707
-2.73682 0.85532
-2.73438 0.850914
-2.73193 0.846491
-2.72949 0.84205
-2.72705 0.837593
-2.72461 0.83312
-2.72217 0.828631
-2.71973 0.824127
-2.71729 0.819608
-2.71484 0.815076
-2.7124 0.81053
-2.70996 0.80597
-2.70752 0.801398
-2.70508 0.796814
-2.70264 0.792219
-2.7002 0.787612
-2.69775 0.782995
-2.69531 0.778368
-2.69287 0.773731
-2.69043 0.769086
-2.68799 0.764431
-2.68555 0.759769
-2.68311 0.755099
-2.68066 0.750422
-2.67822 0.745738
-2.67578 0.741049
-2.67334 0.736353
-2.6709 0.731653
-2.66846 0.726948
-2.66602 0.722238
-2.66357 0.717525
-2.66113 0.712809
-2.65869 0.70809
-2.65625 0.703369
-2.65381 0.698646
-2.65137 0.693921
-2.64893 0.689196
-2.64648 0.68447
-2.64404 0.679744
-2.6416 0.675018
-2.63916 0.670294
-2.63672 0.66557
-2.63428 0.660849
-2.63184 0.65613
-2.62939 0.651413
-2.62695 0.646699
-2.62451 0.641989
-2.62207 0.637283
-2.61963 0.632581
-2.61719 0.627884
-2.61475 0.623192
-2.6123 0.618506
-2.60986 0.613826
-2.60742 0.609152
-2.60498 0.604484
-2.60254 0.599824
-2.6001 0.595172
-2.59766 0.590527
-2.59521 0.585891
-2.59277 0.581263
-2.59033 0.576645
-2.58789 0.572035
-2.58545 0.567436
-2.58301 0.562847
-2.58057 0.558268
-2.57812 0.5537
-2.57568 0.549144
-2.57324 0.544598
-2.5708 0.540065
-2.56836 0.535544
-2.56592 0.531035
-2.56348 0.52654
-2.56104 0.522057
-2.55859 0.517588
-2.55615 0.513133
-2.55371 0.508692
-2.55127 0.504265
-2.54883 0.499853
-2.54639 0.495455
-2.54395 0.491074
-2.5415 0.486707
-2.53906 0.482357
-2.53662 0.478022
-2.53418 0.473704
-2.53174 0.469403
-2.5293 0.465118
-2.52686 0.460851
-2.52441 0.456601
-2.52197 0.452368
-2.51953 0.448154
-2.51709 0.443957
-2.51465 0.439779
-2.51221 0.43562
-2.50977 0.431479
-2.50732 0.427357
-2.50488 0.423254
-2.50244 0.419171
-2.5 0.415107
-2.49756 0.411064
-2.49512 0.40704
-2.49268 0.403036
-2.49023 0.399053
-2.48779 0.39509
-2.48535 0.391148
-2.48291 0.387227
-2.48047 0.383326
-2.47803 0.379447
-2.47559 0.37559
-2.47314 0.371753
-2.4707 0.367939
-2.46826 0.364146
-2.46582 0.360375
-2.46338 0.356626
-2.46094 0.3529
-2.4585 0.349195
-2.45605 0.345513
-2.45361 0.341854
-2.45117 0.338217
-2.44873 0.334603
-2.44629 0.331012
-2.44385 0.327444
-2.44141 0.323898
-2.43896 0.320376
-2.43652 0.316877
-2.43408 0.313401
-2.43164 0.309949
-2.4292 0.30652
-2.42676 0.303115
-2.42432 0.299733
-2.42188 0.296374
-2.41943 0.29304
-2.41699 0.289729
-2.41455 0.286442
-2.41211 0.283178
-2.40967 0.279938
-2.40723 0.276723
-2.40479 0.273531
-2.40234 0.270363
-2.3999 0.267219
-2.39746 0.264099
-2.39502 0.261003
-2.39258 0.257931
-2.39014 0.254883
-2.3877 0.251859
-2.38525 0.248859
-2.38281 0.245883
-2.38037 0.242931
-2.37793 0.240003
-2.37549 0.237099
-2.37305 0.234219
-2.37061 0.231363
-2.36816 0.228531
-2.36572 0.225723
-2.36328 0.222938
-2.36084 0.220178
-2.3584 0.217441
-2.35596 0.214728
-2.35352 0.212039
-2.35107 0.209373
-2.34863 0.206731
-2.34619 0.204113
-2.34375 0.201519
-2.34131 0.198947
-2.33887 0.1964
-2.33643 0.193875
-2.33398 0.191374
-2.33154 0.188896
-2.3291 0.186442
-2.32666 0.18401
-2.32422 0.181602
-2.32178 0.179216
-2.31934 0.176854
-2.31689 0.174514
-2.31445 0.172197
-2.31201 0.169903
-2.30957 0.167631
-2.30713 0.165382
-2.30469 0.163155
-2.30225 0.16095
-2.2998 0.158768
-2.29736 0.156608
-2.29492 0.15447
-2.29248 0.152353
-2.29004 0.150259
-2.2876 0.148186
-2.28516 0.146135
-2.28271 0.144105
-2.28027 0.142097
-2.27783 0.14011
-2.27539 0.138145
-2.27295 0.1362
-2.27051 0.134277
-2.26807 0.132374
-2.26562 0.130492
-2.26318 0.12863
-2.26074 0.12679
-2.2583 0.124969
-2.25586 0.123169
-2.25342 0.121389
-2.25098 0.119629
-2.24854 0.117889
-2.24609 0.116168
-2.24365 0.114467
-2.24121 0.112786
-2.23877 0.111124
-2.23633 0.109482
-2.23389 0.107858
-2.23145 0.106254
-2.229 0.104668
-2.22656 0.103102
-2.22412 0.101553
-2.22168 0.100024
-2.21924 0.0985124
-2.2168 0.0970192
-2.21436 0.0955441
-2.21191 0.094087
-2.20947 0.0926477
-2.20703 0.091226
-2.20459 0.0898218
-2.20215 0.0884351
-2.19971 0.0870656
-2.19727 0.0857133
-2.19482 0.0843779
-2.19238 0.0830594
-2.18994 0.0817575
-2.1875 0.0804723
-2.18506 0.0792034
-2.18262 0.0779509
-2.18018 0.0767145
-2.17773 0.0754941
-2.17529 0.0742896
-2.17285 0.0731008
-2.17041 0.0719276
-2.16797 0.0707699
-2.16553 0.0696275
-2.16309 0.0685002
-2.16064 0.067388
-2.1582 0.0662907
-2.15576 0.0652081
-2.15332 0.0641402
-2.15088 0.0630868
-2.14844 0.0620477
-2.146 0.0610228
-2.14355 0.0600119
-2.14111 0.059015
-2.13867 0.0580319
-2.13623 0.0570625
-2.13379 0.0561065
-2.13135 0.055164
-2.12891 0.0542347
-2.12646 0.0533185
-2.12402 0.0524153
-2.12158 0.0515249
-2.11914 0.0506472
-2.1167 0.0497821
-2.11426 0.0489295
-2.11182 0.0480892
-2.10938 0.047261
-2.10693 0.0464449
-2.10449 0.0456407
-2.10205 0.0448483
-2.09961 0.0440676
-2.09717 0.0432984
-2.09473 0.0425405
-2.09229 0.041794
-2.08984 0.0410586
-2.0874 0.0403342
-2.08496 0.0396207
-2.08252 0.038918
-2.08008 0.0382259
-2.07764 0.0375443
-2.0752 0.0368731
-2.07275 0.0362122
-2.07031 0.0355614
-2.06787 0.0349207
-2.06543 0.0342899
-2.06299 0.0336689
-2.06055 0.0330575
-2.05811 0.0324557
-2.05566 0.0318633
-2.05322 0.0312803
-2.05078 0.0307064
-2.04834 0.0301417
-2.0459 0.0295859
-2.04346 0.029039
-2.04102 0.0285008
-2.03857 0.0279713
-2.03613 0.0274503
-2.03369 0.0269377
-2.03125 0.0264335
-2.02881 0.0259374
-2.02637 0.0254494
-2.02393 0.0249695
-2.02148 0.0244974
-2.01904 0.0240331
-2.0166 0.0235764
-2.01416 0.0231274
-2.01172 0.0226858
-2.00928 0.0222516
-2.00684 0.0218246
-2.00439 0.0214048
-2.00195 0.0209921
-1.99951 0.0205864
-1.99707 0.0201875
-1.99463 0.0197955
-1.99219 0.0194101
-1.98975 0.0190313
-1.9873 0.018659
-1.98486 0.0182932
-1.98242 0.0179336
-1.97998 0.0175803
-1.97754 0.0172331
-1.9751 0.016892
-1.97266 0.0165568
-1.97021 0.0162275
-1.96777 0.015904
-1.96533 0.0155862
-1.96289 0.015274
-1.96045 0.0149674
-1.95801 0.0146662
-1.95557 0.0143704
-1.95312 0.0140799
-1.95068 0.0137946
-1.94824 0.0135145
-1.9458 0.0132394
-1.94336 0.0129692
-1.94092 0.012704
-1.93848 0.0124436
-1.93604 0.012188
-1.93359 0.0119371
-1.93115 0.0116907
-1.92871 0.0114489
-1.92627 0.0112116
-1.92383 0.0109787
-1.92139 0.0107501
-1.91895 0.0105257
-1.9165 0.0103055
-1.91406 0.0100895
-1.91162 0.00987753
-1.90918 0.00966955
-1.90674 0.00946549
-1.9043 0.0092653
-1.90186 0.00906891
-1.89941 0.00887626
-1.89697 0.00868728
-1.89453 0.00850193
-1.89209 0.00832013
-1.88965 0.00814183
-1.88721 0.00796697
-1.88477 0.0077955
-1.88232 0.00762735
-1.87988 0.00746248
-1.87744 0.00730082
-1.875 0.00714232
-1.87256 0.00698693
-1.87012 0.00683459
-1.86768 0.00668526
-1.86523 0.00653888
-1.86279 0.00639539
-1.86035 0.00625476
-1.85791 0.00611693
-1.85547 0.00598185
-1.85303 0.00584948
-1.85059 0.00571976
-1.84814 0.00559265
-1.8457 0.00546811
-1.84326 0.00534608
-1.84082 0.00522653
-1.83838 0.00510941
-1.83594 0.00499467
-1.8335 0.00488228
-1.83105 0.00477219
-1.82861 0.00466436
-1.82617 0.00455875
-1.82373 0.00445531
-1.82129 0.00435402
-1.81885 0.00425483
-1.81641 0.0041577
-1.81396 0.00406259
-1.81152 0.00396947
-1.80908 0.00387829
-1.80664 0.00378903
-1.8042 0.00370165
-1.80176 0.00361611
-1.79932 0.00353238
-1.79688 0.00345043
-1.79443 0.00337021
-1.79199 0.00329171
-1.78955 0.00321487
-1.78711 0.00313969
-1.78467 0.00306611
-1.78223 0.00299412
-1.77979 0.00292367
-1.77734 0.00285475
-1.7749 0.00278732
-1.77246 0.00272135
-1.77002 0.00265682
-1.76758 0.00259369
-1.76514 0.00253195
-1.7627 0.00247155
-1.76025 0.00241248
-1.75781 0.00235471
-1.75537 0.00229822
-1.75293 0.00224297
-1.75049 0.00218894
-1.74805 0.00213612
-1.74561 0.00208447
-1.74316 0.00203397
-1.74072 0.0019846
-1.73828 0.00193634
-1.73584 0.00188916
-1.7334 0.00184305
-1.73096 0.00179797
-1.72852 0.00175391
-1.72607 0.00171085
-1.72363 0.00166877
-1.72119 0.00162764
-1.71875 0.00158745
-1.71631 0.00154818
-1.71387 0.00150981
-1.71143 0.00147233
-1.70898 0.0014357
-1.70654 0.00139992
-1.7041 0.00136496
-1.70166 0.00133082
-1.69922 0.00129746
-1.69678 0.00126488
-1.69434 0.00123307
-1.69189 0.00120199
-1.68945 0.00117164
-1.68701 0.001142
-1.68457 0.00111306
-1.68213 0.00108481
-1.67969 0.00105721
-1.67725 0.00103028
-1.6748 0.00100397
-1.67236 0.000978299
-1.66992 0.000953235
-1.66748 0.000928769
-1.66504 0.000904887
-1.6626 0.000881577
-1.66016 0.000858827
-1.65771 0.000836624
-1.65527 0.000814956
-1.65283 0.000793812
-1.65039 0.000773179
-1.64795 0.000753047
-1.64551 0.000733404
-1.64307 0.000714239
-1.64062 0.000695542
-1.63818 0.000677302
-1.63574 0.000659509
-1.6333 0.000642152
-1.63086 0.000625223
-1.62842 0.000608711
-1.62598 0.000592607
-1.62354 0.000576901
-1.62109 0.000561585
-1.61865 0.000546649
-1.61621 0.000532085
-1.61377 0.000517885
-1.61133 0.000504039
-1.60889 0.000490541
-1.60645 0.000477381
-1.604 0.000464551
-1.60156 0.000452046
-1.59912 0.000439855
-1.59668 0.000427973
-1.59424 0.000416393
-1.5918 0.000405106
-1.58936 0.000394106
-1.58691 0.000383387
-1.58447 0.000372942
-1.58203 0.000362764
-1.57959 0.000352846
-1.57715 0.000343184
-1.57471 0.00033377
-1.57227 0.000324599
-1.56982 0.000315665
-1.56738 0.000306962
-1.56494 0.000298485
-1.5625 0.000290228
-1.56006 0.000282186
-1.55762 0.000274354
-1.55518 0.000266727
-1.55273 0.000259299
-1.55029 0.000252066
-1.54785 0.000245023
-1.54541 0.000238166
-1.54297 0.000231489
-1.54053 0.000224989
-1.53809 0.000218661
-1.53564 0.000212501
-1.5332 0.000206504
-1.53076 0.000200667
-1.52832 0.000194986
-1.52588 0.000189457
-1.52344 0.000184075
-1.521 0.000178838
-1.51855 0.000173742
-1.51611 0.000168783
-1.51367 0.000163958
-1.51123 0.000159263
-1.50879 0.000154695
-1.50635 0.00015025
-1.50391 0.000145927
-1.50146 0.000141721
-1.49902 0.00013763
-1.49658 0.000133651
-1.49414 0.00012978
-1.4917 0.000126016
-1.48926 0.000122355
-1.48682 0.000118794
-1.48438 0.000115332
-1.48193 0.000111965
-1.47949 0.000108692
-1.47705 0.000105509
-1.47461 0.000102414
-1.47217 9.94057e-05
-1.46973 9.6481e-05
-1.46729 9.36378e-05
-1.46484 9.0874e-05
-1.4624 8.81876e-05
-1.45996 8.55766e-05
-1.45752 8.30389e-05
-1.45508 8.05726e-05
-1.45264 7.81758e-05
-1.4502 7.58467e-05
-1.44775 7.35835e-05
-1.44531 7.13844e-05
-1.44287 6.92478e-05
-1.44043 6.71719e-05
-1.43799 6.51551e-05
-1.43555 6.31958e-05
-1.43311 6.12926e-05
-1.43066 5.94438e-05
-1.42822 5.76481e-05
-1.42578 5.59039e-05
-1.42334 5.42099e-05
-1.4209 5.25648e-05
-1.41846 5.09671e-05
-1.41602 4.94156e-05
-1.41357 4.79091e-05
-1.41113 4.64463e-05
-1.40869 4.5026e-05
-1.40625 4.36471e-05
-1.40381 4.23084e-05
-1.40137 4.10087e-05
-1.39893 3.97472e-05
-1.39648 3.85225e-05
-1.39404 3.73339e-05
-1.3916 3.61802e-05
-1.38916 3.50604e-05
-1.38672 3.39737e-05
-1.38428 3.29191e-05
-1.38184 3.18958e-05
-1.37939 3.09027e-05
-1.37695 2.99392e-05
-1.37451 2.90043e-05
-1.37207 2.80973e-05
-1.36963 2.72173e-05
-1.36719 2.63636e-05
-1.36475 2.55355e-05
-1.3623 2.47323e-05
-1.35986 2.39531e-05
-1.35742 2.31974e-05
-1.35498 2.24645e-05
-1.35254 2.17537e-05
-1.3501 2.10643e-05
-1.34766 2.03959e-05
-1.34521 1.97477e-05
-1.34277 1.91192e-05
-1.34033 1.85098e-05
-1.33789 1.7919e-05
-1.33545 1.73462e-05
-1.33301 1.6791e-05
-1.33057 1.62527e-05
-1.32812 1.57309e-05
-1.32568 1.52252e-05
-1.32324 1.4735e-05
-1.3208 1.42599e-05
-1.31836 1.37995e-05
-1.31592 1.33533e-05
-1.31348 1.29209e-05
-1.31104 1.25019e-05
-1.30859 1.2096e-05
-1.30615 1.17026e-05
-1.30371 1.13215e-05
-1.30127 1.09523e-05
-1.29883 1.05947e-05
-1.29639 1.02482e-05
-1.29395 9.91256e-06
-1.2915 9.58747e-06
-1.28906 9.2726e-06
-1.28662 8.96765e-06
-1.28418 8.67231e-06
-1.28174 8.3863e-06
-1.2793 8.10933e-06
-1.27686 7.84114e-06
-1.27441 7.58146e-06
-1.27197 7.33002e-06
-1.26953 7.08659e-06
-1.26709 6.85092e-06
-1.26465 6.62276e-06
-1.26221 6.4019e-06
-1.25977 6.18811e-06
-1.25732 5.98118e-06
-1.25488 5.78089e-06
-1.25244 5.58703e-06
-1.25 5.39943e-06
-1.24756 5.21787e-06
-1.24512 5.04218e-06
-1.24268 4.87217e-06
-1.24023 4.70767e-06
-1.23779 4.5485e-06
-1.23535 4.39451e-06
-1.23291 4.24553e-06
-1.23047 4.1014e-06
-1.22803 3.96198e-06
-1.22559 3.82712e-06
-1.22314 3.69667e-06
-1.2207 3.57049e-06
-1.21826 3.44846e-06
-1.21582 3.33044e-06
-1.21338 3.2163e-06
-1.21094 3.10593e-06
-1.2085 2.99921e-06
-1.20605 2.89601e-06
-1.20361 2.79623e-06
-1.20117 2.69976e-06
-1.19873 2.60649e-06
-1.19629 2.51633e-06
-1.19385 2.42917e-06
-1.19141 2.34491e-06
-1.18896 2.26347e-06
-1.18652 2.18476e-06
-1.18408 2.10868e-06
-1.18164 2.03515e-06
-1.1792 1.96409e-06
-1.17676 1.89543e-06
-1.17432 1.82908e-06
-1.17188 1.76496e-06
-1.16943 1.70301e-06
-1.16699 1.64316e-06
-1.16455 1.58534e-06
-1.16211 1.52948e-06
-1.15967 1.47551e-06
-1.15723 1.42338e-06
-1.15479 1.37303e-06
-1.15234 1.3244e-06
-1.1499 1.27743e-06
-1.14746 1.23206e-06
-1.14502 1.18825e-06
-1.14258 1.14594e-06
-1.14014 1.10509e-06
-1.1377 1.06564e-06
-1.13525 1.02755e-06
-1.13281 9.90779e-07
-1.13037 9.55275e-07
-1.12793 9.20999e-07
-1.12549 8.87911e-07
-1.12305 8.55971e-07
-1.12061 8.2514e-07
-1.11816 7.95382e-07
-1.11572 7.6666e-07
-1.11328 7.38941e-07
-1.11084 7.12189e-07
-1.1084 6.86374e-07
-1.10596 6.61462e-07
-1.10352 6.37425e-07
-1.10107 6.14231e-07
-1.09863 5.91854e-07
-1.09619 5.70264e-07
-1.09375 5.49436e-07
-1.09131 5.29343e-07
-1.08887 5.09961e-07
-1.08643 4.91265e-07
-1.08398 4.73231e-07
-1.08154 4.55838e-07
-1.0791 4.39064e-07
-1.07666 4.22886e-07
-1.07422 4.07285e-07
-1.07178 3.92241e-07
-1.06934 3.77735e-07
-1.06689 3.63748e-07
-1.06445 3.50262e-07
-1.06201 3.3726e-07
-1.05957 3.24725e-07
-1.05713 3.12641e-07
-1.05469 3.00992e-07
-1.05225 2.89764e-07
-1.0498 2.78941e-07
-1.04736 2.6851e-07
-1.04492 2.58456e-07
-1.04248 2.48767e-07
-1.04004 2.3943e-07
-1.0376 2.30432e-07
-1.03516 2.21762e-07
-1.03271 2.13408e-07
-1.03027 2.05358e-07
-1.02783 1.97603e-07
-1.02539 1.90132e-07
-1.02295 1.82935e-07
-1.02051 1.76001e-07
-1.01807 1.69322e-07
-1.01562 1.62889e-07
-1.01318 1.56693e-07
-1.01074 1.50726e-07
-1.0083 1.44978e-07
-1.00586 1.39444e-07
-1.00342 1.34114e-07
-1.00098 1.28982e-07
-0.998535 1.2404e-07
-0.996094 1.19282e-07
-0.993652 1.14701e-07
-0.991211 1.1029e-07
-0.98877 1.06044e-07
-0.986328 1.01957e-07
-0.983887 9.80225e-08
-0.981445 9.42354e-08
-0.979004 9.05903e-08
-0.976562 8.70821e-08
-0.974121 8.37057e-08
-0.97168 8.04564e-08
-0.969238 7.73295e-08
-0.966797 7.43206e-08
-0.964355 7.14254e-08
-0.961914 6.86397e-08
-0.959473 6.59595e-08
-0.957031 6.33809e-08
-0.95459 6.09002e-08
-0.952148 5.85139e-08
-0.949707 5.62183e-08
-0.947266 5.40103e-08
-0.944824 5.18865e-08
-0.942383 4.98438e-08
-0.939941 4.78793e-08
-0.9375 4.599e-08
-0.935059 4.41731e-08
-0.932617 4.2426e-08
-0.930176 4.0746e-08
-0.927734 3.91308e-08
-0.925293 3.75777e-08
-0.922852 3.60846e-08
-0.92041 3.46491e-08
-0.917969 3.32692e-08
-0.915527 3.19427e-08
-0.913086 3.06676e-08
-0.910645 2.9442e-08
-0.908203 2.82641e-08
-0.905762 2.7132e-08
-0.90332 2.60439e-08
-0.900879 2.49984e-08
-0.898438 2.39936e-08
-0.895996 2.30282e-08
-0.893555 2.21005e-08
-0.891113 2.12092e-08
-0.888672 2.03529e-08
-0.88623 1.95302e-08
-0.883789 1.87399e-08
-0.881348 1.79807e-08
-0.878906 1.72514e-08
-0.876465 1.65509e-08
-0.874023 1.58781e-08
-0.871582 1.5232e-08
-0.869141 1.46114e-08
-0.866699 1.40154e-08
-0.864258 1.34431e-08
-0.861816 1.28936e-08
-0.859375 1.23659e-08
-0.856934 1.18593e-08
-0.854492 1.13729e-08
-0.852051 1.09059e-08
-0.849609 1.04576e-08
-0.847168 1.00272e-08
-0.844727 9.61413e-09
-0.842285 9.2176e-09
-0.839844 8.837e-09
-0.837402 8.47172e-09
-0.834961 8.12115e-09
-0.83252 7.78471e-09
-0.830078 7.46186e-09
-0.827637 7.15205e-09
-0.825195 6.85478e-09
-0.822754 6.56955e-09
-0.820312 6.29589e-09
-0.817871 6.03335e-09
-0.81543 5.78147e-09
-0.812988 5.53985e-09
-0.810547 5.30807e-09
-0.808105 5.08575e-09
-0.805664 4.8725e-09
-0.803223 4.66797e-09
-0.800781 4.47182e-09
-0.79834 4.28371e-09
-0.795898 4.10331e-09
-0.793457 3.93032e-09
-0.791016 3.76444e-09
-0.788574 3.6054e-09
-0.786133 3.45291e-09
-0.783691 3.30671e-09
-0.78125 3.16655e-09
-0.778809 3.03218e-09
-0.776367 2.90338e-09
-0.773926 2.77992e-09
-0.771484 2.66158e-09
-0.769043 2.54816e-09
-0.766602 2.43945e-09
-0.76416 2.33527e-09
-0.761719 2.23544e-09
-0.759277 2.13976e-09
-0.756836 2.04809e-09
-0.754395 1.96025e-09
-0.751953 1.87609e-09
-0.749512 1.79545e-09
-0.74707 1.7182e-09
-0.744629 1.6442e-09
-0.742188 1.57331e-09
-0.739746 1.5054e-09
-0.737305 1.44035e-09
-0.734863 1.37805e-09
-0.732422 1.31838e-09
-0.72998 1.26124e-09
-0.727539 1.20651e-09
-0.725098 1.15411e-09
-0.722656 1.10392e-09
-0.720215 1.05587e-09
-0.717773 1.00986e-09
-0.715332 9.65815e-10
-0.712891 9.23644e-10
-0.710449 8.83271e-10
-0.708008 8.44623e-10
-0.705566 8.07628e-10
-0.703125 7.72216e-10
-0.700684 7.38322e-10
-0.698242 7.05881e-10
-0.695801 6.74834e-10
-0.693359 6.45122e-10
-0.690918 6.16689e-10
-0.688477 5.8948e-10
-0.686035 5.63445e-10
-0.683594 5.38535e-10
-0.681152 5.14701e-10
-0.678711 4.91898e-10
-0.67627 4.70083e-10
-0.673828 4.49215e-10
-0.671387 4.29252e-10
-0.668945 4.10157e-10
-0.666504 3.91892e-10
-0.664062 3.74423e-10
-0.661621 3.57716e-10
-0.65918 3.41738e-10
-0.656738 3.26458e-10
-0.654297 3.11846e-10
-0.651855 2.97875e-10
-0.649414 2.84515e-10
-0.646973 2.71742e-10
-0.644531 2.5953e-10
-0.64209 2.47855e-10
-0.639648 2.36693e-10
-0.637207 2.26024e-10
-0.634766 2.15825e-10
-0.632324 2.06077e-10
-0.629883 1.96759e-10
-0.627441 1.87854e-10
-0.625 1.79344e-10
-0.622559 1.7121e-10
-0.620117 1.63438e-10
-0.617676 1.56011e-10
-0.615234 1.48915e-10
-0.612793 1.42134e-10
-0.610352 1.35656e-10
-0.60791 1.29467e-10
-0.605469 1.23555e-10
-0.603027 1.17906e-10
-0.600586 1.12511e-10
-0.598145 1.07358e-10
-0.595703 1.02435e-10
-0.593262 9.77337e-11
-0.59082 9.32437e-11
-0.588379 8.89557e-11
-0.585938 8.48608e-11
-0.583496 8.09506e-11
-0.581055 7.72168e-11
-0.578613 7.36518e-11
-0.576172 7.0248e-11
-0.57373 6.69984e-11
-0.571289 6.3896e-11
-0.568848 6.09343e-11
-0.566406 5.81072e-11
-0.563965 5.54086e-11
-0.561523 5.28328e-11
-0.559082 5.03743e-11
-0.556641 4.8028e-11
-0.554199 4.57887e-11
-0.551758 4.36518e-11
-0.549316 4.16126e-11
-0.546875 3.96668e-11
-0.544434 3.78102e-11
-0.541992 3.60387e-11
-0.539551 3.43486e-11
-0.537109 3.27362e-11
-0.534668 3.1198e-11
-0.532227 2.97307e-11
-0.529785 2.8331e-11
-0.527344 2.6996e-11
-0.524902 2.57226e-11
-0.522461 2.45081e-11
-0.52002 2.33499e-11
-0.517578 2.22453e-11
-0.515137 2.11919e-11
-0.512695 2.01875e-11
-0.510254 1.92298e-11
-0.507812 1.83166e-11
-0.505371 1.7446e-11
-0.50293 1.66159e-11
-0.500488 1.58246e-11
-0.498047 1.50703e-11
-0.495605 1.43512e-11
-0.493164 1.36658e-11
-0.490723 1.30125e-11
-0.488281 1.23899e-11
-0.48584 1.17964e-11
-0.483398 1.12309e-11
-0.480957 1.0692e-11
-0.478516 1.01784e-11
-0.476074 9.68907e-12
-0.473633 9.2228e-12
-0.471191 8.77855e-12
-0.46875 8.35531e-12
-0.466309 7.95209e-12
-0.463867 7.56797e-12
-0.461426 7.20206e-12
-0.458984 6.85352e-12
-0.456543 6.52153e-12
-0.454102 6.20533e-12
-0.45166 5.90417e-12
-0.449219 5.61737e-12
-0.446777 5.34424e-12
-0.444336 5.08415e-12
-0.441895 4.83649e-12
-0.439453 4.60067e-12
-0.437012 4.37614e-12
-0.43457 4.16237e-12
-0.432129 3.95886e-12
-0.429688 3.76511e-12
-0.427246 3.58068e-12
-0.424805 3.40512e-12
-0.422363 3.23801e-12
-0.419922 3.07896e-12
-0.41748 2.92758e-12
-0.415039 2.78351e-12
-0.412598 2.6464e-12
-0.410156 2.51593e-12
-0.407715 2.39177e-12
-0.405273 2.27363e-12
-0.402832 2.16123e-12
-0.400391 2.05428e-12
-0.397949 1.95254e-12
-0.395508 1.85574e-12
-0.393066 1.76366e-12
-0.390625 1.67607e-12
-0.388184 1.59275e-12
-0.385742 1.5135e-12
-0.383301 1.43813e-12
-0.380859 1.36645e-12
-0.378418 1.29827e-12
-0.375977 1.23344e-12
-0.373535 1.17179e-12
-0.371094 1.11317e-12
-0.368652 1.05743e-12
-0.366211 1.00443e-12
-0.36377 9.54048e-13
-0.361328 9.06147e-13
-0.358887 8.6061e-13
-0.356445 8.17322e-13
-0.354004 7.76174e-13
-0.351562 7.37063e-13
-0.349121 6.9989e-13
-0.34668 6.64559e-13
-0.344238 6.30982e-13
-0.341797 5.99073e-13
-0.339355 5.6875e-13
-0.336914 5.39937e-13
-0.334473 5.12558e-13
-0.332031 4.86545e-13
-0.32959 4.6183e-13
-0.327148 4.3835e-13
-0.324707 4.16043e-13
-0.322266 3.94853e-13
-0.319824 3.74724e-13
-0.317383 3.55604e-13
-0.314941 3.37444e-13
-0.3125 3.20196e-13
-0.310059 3.03815e-13
-0.307617 2.88259e-13
-0.305176 2.73485e-13
-0.302734 2.59457e-13
-0.300293 2.46137e-13
-0.297852 2.33489e-13
-0.29541 2.2148e-13
-0.292969 2.10079e-13
-0.290527 1.99256e-13
-0.288086 1.88981e-13
-0.285645 1.79228e-13
-0.283203 1.69969e-13
-0.280762 1.61182e-13
-0.27832 1.52841e-13
-0.275879 1.44925e-13
-0.273438 1.37412e-13
-0.270996 1.30283e-13
-0.268555 1.23518e-13
-0.266113 1.17098e-13
-0.263672 1.11007e-13
-0.26123 1.05227e-13
-0.258789 9.97442e-14
-0.256348 9.45422e-14
-0.253906 8.96071e-14
-0.251465 8.49257e-14
-0.249023 8.0485e-14
-0.246582 7.62728e-14
-0.244141 7.22777e-14
-0.241699 6.84885e-14
-0.239258 6.48949e-14
-0.236816 6.14869e-14
-0.234375 5.82551e-14
-0.231934 5.51906e-14
-0.229492 5.22847e-14
-0.227051 4.95295e-14
-0.224609 4.69173e-14
-0.222168 4.44407e-14
-0.219727 4.20928e-14
-0.217285 3.98671e-14
-0.214844 3.77572e-14
-0.212402 3.57574e-14
-0.209961 3.38618e-14
-0.20752 3.20652e-14
-0.205078 3.03624e-14
-0.202637 2.87487e-14
-0.200195 2.72195e-14
-0.197754 2.57704e-14
-0.195312 2.43973e-14
-0.192871 2.30962e-14
-0.19043 2.18635e-14
-0.187988 2.06956e-14
-0.185547 1.95891e-14
-0.183105 1.85409e-14
-0.180664 1.7548e-14
-0.178223 1.66074e-14
-0.175781 1.57165e-14
-0.17334 1.48727e-14
-0.170898 1.40735e-14
-0.168457 1.33167e-14
-0.166016 1.25999e-14
-0.163574 1.19211e-14
-0.161133 1.12784e-14
-0.158691 1.06698e-14
-0.15625 1.00936e-14
-0.153809 9.54805e-15
-0.151367 9.03154e-15
-0.148926 8.54257e-15
-0.146484 8.07969e-15
-0.144043 7.64152e-15
-0.141602 7.22677e-15
-0.13916 6.83421e-15
-0.136719 6.46266e-15
-0.134277 6.11102e-15
-0.131836 5.77824e-15
-0.129395 5.46331e-15
-0.126953 5.16531e-15
-0.124512 4.88333e-15
-0.12207 4.61652e-15
-0.119629 4.36408e-15
-0.117188 4.12525e-15
-0.114746 3.8993e-15
-0.112305 3.68556e-15
-0.109863 3.48336e-15
-0.107422 3.2921e-15
-0.10498 3.11119e-15
-0.102539 2.94009e-15
-0.100098 2.77826e-15
-0.0976562 2.62521e-15
-0.0952148 2.48048e-15
-0.0927734 2.34361e-15
-0.090332 2.21419e-15
-0.0878906 2.09182e-15
-0.0854492 1.97612e-15
-0.0830078 1.86672e-15
-0.0805664 1.7633e-15
-0.078125 1.66553e-15
-0.0756836 1.57311e-15
-0.0732422 1.48574e-15
-0.0708008 1.40316e-15
-0.0683594 1.3251e-15
-0.065918 1.25133e-15
-0.0634766 1.18161e-15
-0.0610352 1.11572e-15
-0.0585938 1.05346e-15
-0.0561523 9.94617e-16
-0.0537109 9.3902e-16
-0.0512695 8.86489e-16
-0.0488281 8.36856e-16
-0.0463867 7.89965e-16
-0.0439453 7.45665e-16
-0.0415039 7.03816e-16
-0.0390625 6.64284e-16
-0.0366211 6.26943e-16
-0.0341797 5.91673e-16
-0.0317383 5.5836e-16
-0.0292969 5.26897e-16
-0.0268555 4.97184e-16
-0.0244141 4.69124e-16
-0.0219727 4.42627e-16
-0.0195312 4.17606e-16
-0.0170898 3.93981e-16
-0.0146484 3.71674e-16
-0.012207 3.50614e-16
-0.00976562 3.30732e-16
-0.00732422 3.11962e-16
-0.00488281 2.94243e-16
-0.00244141 2.77517e-16
0 2.6173e-16
0.00244141 2.46829e-16
0.00488281 2.32765e-16
0.00732422 2.19493e-16
0.00976562 2.06967e-16
0.012207 1.95146e-16
0.0146484 1.83992e-16
0.0170898 1.73467e-16
0.0195312 1.63537e-16
0.0219727 1.54167e-16
0.0244141 1.45328e-16
0.0268555 1.36989e-16
0.0292969 1.29122e-16
0.0317383 1.21701e-16
0.0341797 1.14701e-16
0.0366211 1.08099e-16
0.0390625 1.01871e-16
0.0415039 9.59982e-17
0.0439453 9.04594e-17
0.0463867 8.52362e-17
0.0488281 8.03106e-17
0.0512695 7.56662e-17
0.0537109 7.12869e-17
0.0561523 6.71578e-17
0.0585938 6.32649e-17
0.0610352 5.95948e-17
0.0634766 5.6135e-17
0.065918 5.28735e-17
0.0683594 4.97991e-17
0.0708008 4.69012e-17
0.0732422 4.41699e-17
0.0756836 4.15957e-17
0.078125 3.91696e-17
0.0805664 3.68832e-17
0.0830078 3.47287e-17
0.0854492 3.26984e-17
0.0878906 3.07854e-17
0.090332 2.89829e-17
0.0927734 2.72846e-17
0.0952148 2.56847e-17
0.0976562 2.41774e-17
0.100098 2.27574e-17
0.102539 2.14199e-17
0.10498 2.016e-17
0.107422 1.89733e-17
0.109863 1.78556e-17
0.112305 1.68029e-17
0.114746 1.58116e-17
0.117188 1.4878e-17
0.119629 1.39989e-17
0.12207 1.31711e-17
0.124512 1.23916e-17
0.126953 1.16577e-17
0.129395 1.09668e-17
0.131836 1.03163e-17
0.134277 9.70398e-18
0.136719 9.12754e-18
0.13916 8.58493e-18
0.141602 8.07419e-18
0.144043 7.59347e-18
0.146484 7.14104e-18
0.148926 6.71524e-18
0.151367 6.31453e-18
0.153809 5.93745e-18
0.15625 5.58262e-18
0.158691 5.24874e-18
0.161133 4.9346e-18
0.163574 4.63904e-18
0.166016 4.36097e-18
0.168457 4.09937e-18
0.170898 3.85329e-18
0.17334 3.6218e-18
0.175781 3.40406e-18
0.178223 3.19925e-18
0.180664 3.00663e-18
0.183105 2.82546e-18
0.185547 2.65509e-18
0.187988 2.49487e-18
0.19043 2.34421e-18
0.192871 2.20254e-18
0.195312 2.06933e-18
0.197754 1.94409e-18
0.200195 1.82634e-18
0.202637 1.71564e-18
0.205078 1.61157e-18
0.20752 1.51375e-18
0.209961 1.42179e-18
0.212402 1.33536e-18
0.214844 1.25412e-18
0.217285 1.17777e-18
0.219727 1.10601e-18
0.222168 1.03857e-18
0.224609 9.75204e-19
0.227051 9.15657e-19
0.229492 8.59706e-19
0.231934 8.07134e-19
0.234375 7.57742e-19
0.236816 7.11338e-19
0.239258 6.67744e-19
0.241699 6.26791e-19
0.244141 5.88323e-19
0.246582 5.52189e-19
0.249023 5.18249e-19
0.251465 4.86372e-19
0.253906 4.56435e-19
0.256348 4.28319e-19
0.258789 4.01917e-19
0.26123 3.77123e-19
0.263672 3.53843e-19
0.266113 3.31984e-19
0.268555 3.1146e-19
0.270996 2.92191e-19
0.273438 2.74101e-19
0.275879 2.57119e-19
0.27832 2.41177e-19
0.280762 2.26214e-19
0.283203 2.12168e-19
0.285645 1.98985e-19
0.288086 1.86612e-19
0.290527 1.75e-19
0.292969 1.64103e-19
0.29541 1.53877e-19
0.297852 1.44282e-19
0.300293 1.35278e-19
0.302734 1.26831e-19
0.305176 1.18905e-19
0.307617 1.11469e-19
0.310059 1.04493e-19
0.3125 9.79487e-20
0.314941 9.18102e-20
0.317383 8.60522e-20
0.319824 8.06515e-20
0.322266 7.55862e-20
0.324707 7.08356e-20
0.327148 6.63804e-20
0.32959 6.22025e-20
0.332031 5.82847e-20
0.334473 5.46111e-20
0.336914 5.11666e-20
0.339355 4.79371e-20
0.341797 4.49092e-20
0.344238 4.20707e-20
0.34668 3.94096e-20
0.349121 3.69151e-20
0.351562 3.45769e-20
0.354004 3.23852e-20
0.356445 3.0331e-20
0.358887 2.84057e-20
0.361328 2.66014e-20
0.36377 2.49104e-20
0.366211 2.33259e-20
0.368652 2.18411e-20
0.371094 2.04499e-20
0.373535 1.91463e-20
0.375977 1.7925e-20
0.378418 1.67808e-20
0.380859 1.57089e-20
0.383301 1.47048e-20
0.385742 1.37642e-20
0.388184 1.28831e-20
0.390625 1.20579e-20
0.393066 1.1285e-20
0.395508 1.05611e-20
0.397949 9.88317e-21
0.400391 9.24834e-21
0.402832 8.65386e-21
0.405273 8.09722e-21
0.407715 7.57602e-21
0.410156 7.08802e-21
0.412598 6.63115e-21
0.415039 6.20343e-21
0.41748 5.80302e-21
0.419922 5.42819e-21
0.422363 5.07734e-21
0.424805 4.74894e-21
0.427246 4.44156e-21
0.429688 4.15388e-21
0.432129 3.88465e-21
0.43457 3.6327e-21
0.437012 3.39693e-21
0.439453 3.1763e-21
0.441895 2.96987e-21
0.444336 2.77672e-21
0.446777 2.596e-21
0.449219 2.42694e-21
0.45166 2.26877e-21
0.454102 2.12081e-21
0.456543 1.98241e-21
0.458984 1.85295e-21
0.461426 1.73186e-21
0.463867 1.61861e-21
0.466309 1.51269e-21
0.46875 1.41363e-21
0.471191 1.321e-21
0.473633 1.23438e-21
0.476074 1.15339e-21
0.478516 1.07765e-21
0.480957 1.00685e-21
0.483398 9.40645e-22
0.48584 8.78756e-22
0.488281 8.20899e-22
0.490723 7.66815e-22
0.493164 7.1626e-22
0.495605 6.69007e-22
0.498047 6.24841e-22
0.500488 5.83563e-22
0.50293 5.44985e-22
0.505371 5.08934e-22
0.507812 4.75245e-22
0.510254 4.43765e-22
0.512695 4.1435e-22
0.515137 3.86867e-22
0.517578 3.61189e-22
0.52002 3.37199e-22
0.522461 3.14788e-22
0.524902 2.93853e-22
0.527344 2.74296e-22
0.529785 2.56029e-22
0.532227 2.38967e-22
0.534668 2.23032e-22
0.537109 2.08149e-22
0.539551 1.9425e-22
0.541992 1.8127e-22
0.544434 1.6915e-22
0.546875 1.57833e-22
0.549316 1.47265e-22
0.551758 1.37399e-22
0.554199 1.28188e-22
0.556641 1.19588e-22
0.559082 1.1156e-22
0.561523 1.04066e-22
0.563965 9.7071e-23
0.566406 9.05417e-23
0.568848 8.44475e-23
0.571289 7.87598e-23
0.57373 7.34516e-23
0.576172 6.84979e-23
0.578613 6.38753e-23
0.581055 5.95618e-23
0.583496 5.55369e-23
0.585938 5.17815e-23
0.588379 4.82778e-23
0.59082 4.5009e-23
0.593262 4.19595e-23
0.595703 3.91148e-23
0.598145 3.64612e-23
0.600586 3.3986e-23
0.603027 3.16773e-23
0.605469 2.9524e-23
0.60791 2.75158e-23
0.610352 2.5643e-23
0.612793 2.38965e-23
0.615234 2.22679e-23
0.617676 2.07493e-23
0.620117 1.93333e-23
0.622559 1.80131e-23
0.625 1.67823e-23
0.627441 1.56348e-23
0.629883 1.45651e-23
0.632324 1.35679e-23
0.634766 1.26384e-23
0.637207 1.1772e-23
0.639648 1.09645e-23
0.64209 1.02119e-23
0.644531 9.51046e-24
0.646973 8.85681e-24
0.649414 8.24768e-24
0.651855 7.68009e-24
0.654297 7.15121e-24
0.656738 6.65844e-24
0.65918 6.19933e-24
0.661621 5.77159e-24
0.664062 5.37312e-24
0.666504 5.00192e-24
0.668945 4.65613e-24
0.671387 4.33405e-24
0.673828 4.03406e-24
0.67627 3.75465e-24
0.678711 3.49442e-24
0.681152 3.25208e-24
0.683594 3.0264e-24
0.686035 2.81624e-24
0.688477 2.62056e-24
0.690918 2.43835e-24
0.693359 2.26871e-24
0.695801 2.11077e-24
0.698242 1.96373e-24
0.700684 1.82684e-24
0.703125 1.69942e-24
0.705566 1.58081e-24
0.708008 1.4704e-24
0.710449 1.36765e-24
0.712891 1.27201e-24
0.715332 1.183e-24
0.717773 1.10017e-24
0.720215 1.02309e-24
0.722656 9.51369e-25
0.725098 8.8463e-25
0.727539 8.22534e-25
0.72998 7.6476e-25
0.732422 7.11011e-25
0.734863 6.61007e-25
0.737305 6.14491e-25
0.739746 5.71221e-25
0.742188 5.30973e-25
0.744629 4.93537e-25
0.74707 4.58718e-25
0.749512 4.26336e-25
0.751953 3.9622e-25
0.754395 3.68215e-25
0.756836 3.42172e-25
0.759277 3.17957e-25
0.761719 2.95441e-25
0.76416 2.74506e-25
0.766602 2.55043e-25
0.769043 2.36948e-25
0.771484 2.20126e-25
0.773926 2.04489e-25
0.776367 1.89954e-25
0.778809 1.76444e-25
0.78125 1.63886e-25
0.783691 1.52215e-25
0.786133 1.41369e-25
0.788574 1.31289e-25
0.791016 1.21922e-25
0.793457 1.13218e-25
0.795898 1.0513e-25
0.79834 9.76156e-26
0.800781 9.06338e-26
0.803223 8.41474e-26
0.805664 7.81214e-26
0.808105 7.25235e-26
0.810547 6.73235e-26
0.812988 6.24934e-26
0.81543 5.80071e-26
0.817871 5.38402e-26
0.820312 4.99703e-26
0.822754 4.63764e-26
0.825195 4.30388e-26
0.827637 3.99396e-26
0.830078 3.70618e-26
0.83252 3.43897e-26
0.834961 3.19087e-26
0.837402 2.96053e-26
0.839844 2.74668e-26
0.842285 2.54817e-26
0.844727 2.36388e-26
0.847168 2.19282e-26
0.849609 2.03404e-26
0.852051 1.88667e-26
0.854492 1.74989e-26
0.856934 1.62295e-26
0.859375 1.50515e-26
0.861816 1.39583e-26
0.864258 1.29439e-26
0.866699 1.20027e-26
0.869141 1.11293e-26
0.871582 1.0319e-26
0.874023 9.56728e-27
0.876465 8.86988e-27
0.878906 8.22292e-27
0.881348 7.62278e-27
0.883789 7.06611e-27
0.88623 6.54978e-27
0.888672 6.07088e-27
0.891113 5.62674e-27
0.893555 5.21483e-27
0.895996 4.83286e-27
0.898438 4.47864e-27
0.900879 4.15019e-27
0.90332 3.84565e-27
0.905762 3.56328e-27
0.908203 3.30149e-27
0.910645 3.05878e-27
0.913086 2.83379e-27
0.915527 2.62521e-27
0.917969 2.43188e-27
0.92041 2.25267e-27
0.922852 2.08657e-27
0.925293 1.93263e-27
0.927734 1.78995e-27
0.930176 1.65774e-27
0.932617 1.53521e-27
0.935059 1.42167e-27
0.9375 1.31647e-27
0.939941 1.21899e-27
0.942383 1.12868e-27
0.944824 1.04501e-27
0.947266 9.67496e-28
0.949707 8.95688e-28
0.952148 8.29171e-28
0.95459 7.67556e-28
0.957031 7.10486e-28
0.959473 6.57628e-28
0.961914 6.08674e-28
0.964355 5.63337e-28
0.966797 5.21352e-28
0.969238 4.82473e-28
0.97168 4.46472e-28
0.974121 4.13138e-28
0.976562 3.82274e-28
0.979004 3.53699e-28
0.981445 3.27245e-28
0.983887 3.02754e-28
0.986328 2.80083e-28
0.98877 2.59098e-28
0.991211 2.39673e-28
0.993652 2.21694e-28
0.996094 2.05054e-28
0.998535 1.89654e-28
1.00098 1.75402e-28
1.00342 1.62213e-28
1.00586 1.50009e-28
1.0083 1.38717e-28
1.01074 1.28268e-28
1.01318 1.18601e-28
1.01562 1.09657e-28
1.01807 1.01383e-28
1.02051 9.37285e-29
1.02295 8.6648e-29
1.02539 8.00984e-29
1.02783 7.40404e-29
1.03027 6.84374e-29
1.03271 6.32553e-29
1.03516 5.84628e-29
1.0376 5.40309e-29
1.04004 4.99325e-29
1.04248 4.61428e-29
1.04492 4.26387e-29
1.04736 3.93989e-29
1.0498 3.64034e-29
1.05225 3.36341e-29
1.05469 3.1074e-29
1.05713 2.87074e-29
1.05957 2.65198e-29
1.06201 2.44977e-29
1.06445 2.26287e-29
1.06689 2.09013e-29
1.06934 1.93048e-29
1.07178 1.78295e-29
1.07422 1.64661e-29
1.07666 1.52062e-29
1.0791 1.40421e-29
1.08154 1.29664e-29
1.08398 1.19726e-29
1.08643 1.10544e-29
1.08887 1.02062e-29
1.09131 9.4226e-30
1.09375 8.69875e-30
1.09619 8.03012e-30
1.09863 7.41253e-30
1.10107 6.84211e-30
1.10352 6.31529e-30
1.10596 5.82875e-30
1.1084 5.37944e-30
1.11084 4.96453e-30
1.11328 4.5814e-30
1.11572 4.22764e-30
1.11816 3.901e-30
1.12061 3.59944e-30
1.12305 3.32102e-30
1.12549 3.064e-30
1.12793 2.82673e-30
1.13037 2.60771e-30
1.13281 2.40555e-30
1.13525 2.21895e-30
1.1377 2.04673e-30
1.14014 1.88779e-30
1.14258 1.74111e-30
1.14502 1.60574e-30
1.14746 1.48083e-30
1.1499 1.36558e-30
1.15234 1.25923e-30
1.15479 1.16111e-30
1.15723 1.07058e-30
1.15967 9.87069e-31
1.16211 9.10025e-31
1.16455 8.38955e-31
1.16699 7.73399e-31
1.16943 7.12931e-31
1.17188 6.57159e-31
1.17432 6.05722e-31
1.17676 5.58284e-31
1.1792 5.14536e-31
1.18164 4.74194e-31
1.18408 4.36994e-31
1.18652 4.02694e-31
1.18896 3.71068e-31
1.19141 3.41909e-31
1.19385 3.15027e-31
1.19629 2.90244e-31
1.19873 2.67399e-31
1.20117 2.46339e-31
1.20361 2.26928e-31
1.20605 2.09036e-31
1.2085 1.92546e-31
1.21094 1.77348e-31
1.21338 1.63341e-31
1.21582 1.50434e-31
1.21826 1.3854e-31
1.2207 1.27581e-31
1.22314 1.17483e-31
1.22559 1.08179e-31
1.22803 9.96067e-32
1.23047 9.17096e-32
1.23291 8.44346e-32
1.23535 7.77329e-32
1.23779 7.15598e-32
1.24023 6.58738e-32
1.24268 6.06366e-32
1.24512 5.58132e-32
1.24756 5.1371e-32
1.25 4.72801e-32
1.25244 4.3513e-32
1.25488 4.0044e-32
1.25732 3.68499e-32
1.25977 3.39089e-32
1.26221 3.12012e-32
1.26465 2.87083e-32
1.26709 2.64133e-32
1.26953 2.43006e-32
1.27197 2.23559e-32
1.27441 2.05658e-32
1.27686 1.89181e-32
1.2793 1.74016e-32
1.28174 1.60059e-32
1.28418 1.47215e-32
1.28662 1.35395e-32
1.28906 1.24518e-32
1.2915 1.14509e-32
1.29395 1.053e-32
1.29639 9.68264e-33
1.29883 8.90308e-33
1.30127 8.18589e-33
1.30371 7.52611e-33
1.30615 6.91919e-33
1.30859 6.3609e-33
1.31104 5.84738e-33
1.31348 5.37506e-33
1.31592 4.94066e-33
1.31836 4.54115e-33
1.3208 4.17374e-33
1.32324 3.83588e-33
1.32568 3.5252e-33
1.32812 3.23952e-33
1.33057 2.97686e-33
1.33301 2.73536e-33
1.33545 2.51334e-33
1.33789 2.30922e-33
1.34033 2.12158e-33
1.34277 1.9491e-33
1.34521 1.79055e-33
1.34766 1.64482e-33
1.3501 1.51088e-33
1.35254 1.38778e-33
1.35498 1.27465e-33
1.35742 1.17068e-33
1.35986 1.07515e-33
1.3623 9.87362e-34
1.36475 9.067e-34
1.36719 8.32588e-34
1.36963 7.64497e-34
1.37207 7.01942e-34
1.37451 6.44474e-34
1.37695 5.91683e-34
1.37939 5.4319e-34
1.38184 4.98648e-34
1.38428 4.57737e-34
1.38672 4.20162e-34
1.38916 3.85653e-34
1.3916 3.53962e-34
1.39404 3.24859e-34
1.39648 2.98135e-34
1.39893 2.73596e-34
1.40137 2.51065e-34
1.40381 2.30379e-34
1.40625 2.11387e-34
1.40869 1.93951e-34
1.41113 1.77945e-34
1.41357 1.63252e-34
1.41602 1.49765e-34
1.41846 1.37386e-34
1.4209 1.26024e-34
1.42334 1.15596e-34
1.42578 1.06026e-34
1.42822 9.72439e-35
1.43066 8.91847e-35
1.43311 8.17895e-35
1.43555 7.5004e-35
1.43799 6.87781e-35
1.44043 6.3066e-35
1.44287 5.78256e-35
1.44531 5.30181e-35
1.44775 4.86079e-35
1.4502 4.45625e-35
1.45264 4.08518e-35
1.45508 3.74483e-35
1.45752 3.43267e-35
1.45996 3.14639e-35
1.4624 2.88384e-35
1.46484 2.64307e-35
1.46729 2.42229e-35
1.46973 2.21985e-35
1.47217 2.03423e-35
1.47461 1.86404e-35
1.47705 1.708e-35
1.47949 1.56496e-35
1.48193 1.43382e-35
1.48438 1.31362e-35
1.48682 1.20343e-35
1.48926 1.10243e-35
1.4917 1.00986e-35
1.49414 9.25021e-36
1.49658 8.47267e-36
1.49902 7.76012e-36
1.50146 7.10716e-36
1.50391 6.50883e-36
1.50635 5.96059e-36
1.50879 5.45826e-36
1.51123 4.99803e-36
1.51367 4.57639e-36
1.51611 4.19012e-36
1.51855 3.83627e-36
1.521 3.51213e-36
1.52344 3.21523e-36
1.52588 2.94328e-36
1.52832 2.69421e-36
1.53076 2.4661e-36
1.5332 2.2572e-36
1.53564 2.06589e-36
1.53809 1.8907e-36
1.54053 1.73029e-36
1.54297 1.58342e-36
1.54541 1.44894e-36
1.54785 1.32582e-36
1.55029 1.2131e-36
1.55273 1.10992e-36
1.55518 1.01546e-36
1.55762 9.28995e-37
1.56006 8.49853e-37
1.5625 7.77416e-37
1.56494 7.1112e-37
1.56738 6.50446e-37
1.56982 5.9492e-37
1.57227 5.44109e-37
1.57471 4.97613e-37
1.57715 4.55069e-37
1.57959 4.16143e-37
1.58203 3.80528e-37
1.58447 3.47944e-37
1.58691 3.18136e-37
1.58936 2.90867e-37
1.5918 2.65923e-37
1.59424 2.43106e-37
1.59668 2.22237e-37
1.59912 2.03149e-37
1.60156 1.85692e-37
1.604 1.69727e-37
1.60645 1.55127e-37
1.60889 1.41777e-37
1.61133 1.29569e-37
1.61377 1.18407e-37
1.61621 1.08201e-37
1.61865 9.88697e-38
1.62109 9.03392e-38
1.62354 8.25407e-38
1.62598 7.54118e-38
1.62842 6.88954e-38
1.63086 6.2939e-38
1.6333 5.74949e-38
1.63574 5.25192e-38
1.63818 4.79718e-38
1.64062 4.3816e-38
1.64307 4.00184e-38
1.64551 3.65481e-38
1.64795 3.33772e-38
1.65039 3.04799e-38
1.65283 2.78329e-38
1.65527 2.54144e-38
1.65771 2.32051e-38
1.66016 2.11867e-38
1.6626 1.93431e-38
1.66504 1.7659e-38
1.66748 1.61207e-38
1.66992 1.47158e-38
1.67236 1.34326e-38
1.6748 1.22608e-38
1.67725 1.11906e-38
1.67969 1.02134e-38
1.68213 9.32106e-39
1.68457 8.50628e-39
1.68701 7.76235e-39
1.68945 7.08315e-39
1.69189 6.46307e-39
1.69434 5.89699e-39
1.69678 5.38023e-39
1.69922 4.90852e-39
1.70166 4.47796e-39
1.7041 4.08497e-39
1.70654 3.72629e-39
1.70898 3.39895e-39
1.71143 3.10021e-39
1.71387 2.82759e-39
1.71631 2.57882e-39
1.71875 2.35183e-39
1.72119 2.14472e-39
1.72363 1.95575e-39
1.72607 1.78334e-39
1.72852 1.62606e-39
1.73096 1.48258e-39
1.7334 1.35169e-39
1.73584 1.2323e-39
1.73828 1.1234e-39
1.74072 1.02408e-39
1.74316 9.33494e-40
1.74561 8.5088e-40
1.74805 7.7554e-40
1.75049 7.06837e-40
1.75293 6.4419e-40
1.75537 5.87067e-40
1.75781 5.34984e-40
1.76025 4.87498e-40
1.7627 4.44207e-40
1.76514 4.0474e-40
1.76758 3.68762e-40
1.77002 3.35966e-40
1.77246 3.06073e-40
1.7749 2.78826e-40
1.77734 2.53992e-40
1.77979 2.31359e-40
1.78223 2.10733e-40
1.78467 1.91937e-40
1.78711 1.74809e-40
1.78955 1.59201e-40
1.79199 1.44981e-40
1.79443 1.32024e-40
1.79688 1.20219e-40
1.79932 1.09465e-40
1.80176 9.96679e-41
1.8042 9.07434e-41
1.80664 8.2614e-41
1.80908 7.52094e-41
1.81152 6.84652e-41
1.81396 6.23227e-41
1.81641 5.67287e-41
1.81885 5.16342e-41
1.82129 4.69951e-41
1.82373 4.27707e-41
1.82617 3.89242e-41
1.82861 3.54219e-41
1.83105 3.22333e-41
1.8335 2.93302e-41
1.83594 2.66874e-41
1.83838 2.42815e-41
1.84082 2.20915e-41
1.84326 2.0098e-41
1.8457 1.82835e-41
1.84814 1.66321e-41
1.85059 1.51291e-41
1.85303 1.37613e-41
1.85547 1.25165e-41
1.85791 1.13838e-41
1.86035 1.03531e-41
1.86279 9.41528e-42
1.86523 8.562e-42
1.86768 7.78568e-42
1.87012 7.07941e-42
1.87256 6.4369e-42
1.875 5.85243e-42
1.87744 5.32077e-42
1.87988 4.83718e-42
1.88232 4.39733e-42
1.88477 3.99728e-42
1.88721 3.63346e-42
1.88965 3.3026e-42
1.89209 3.00172e-42
1.89453 2.72812e-42
1.89697 2.47934e-42
1.89941 2.25314e-42
1.90186 2.04748e-42
1.9043 1.8605e-42
1.90674 1.69052e-42
1.90918 1.53599e-42
1.91162 1.39552e-42
1.91406 1.26784e-42
1.9165 1.15179e-42
1.91895 1.0463e-42
1.92139 9.50438e-43
1.92383 8.63313e-43
1.92627 7.84138e-43
1.92871 7.1219e-43
1.93115 6.46813e-43
1.93359 5.8741e-43
1.93604 5.33436e-43
1.93848 4.84399e-43
1.94092 4.39848e-43
1.94336 3.99376e-43
1.9458 3.62611e-43
1.94824 3.29214e-43
1.95068 2.98879e-43
1.95312 2.71326e-43
1.95557 2.46302e-43
1.95801 2.23575e-43
1.96045 2.02935e-43
1.96289 1.84192e-43
1.96533 1.67172e-43
1.96777 1.51717e-43
1.97021 1.37685e-43
1.97266 1.24945e-43
1.9751 1.13378e-43
1.97754 1.02877e-43
1.97998 9.33438e-44
1.98242 8.46902e-44
1.98486 7.68353e-44
1.9873 6.97055e-44
1.98975 6.32343e-44
1.99219 5.73612e-44
1.99463 5.2031e-44
1.99707 4.71939e-44
1.99951 4.28044e-44
2.00195 3.88214e-44
2.00439 3.52073e-44
2.00684 3.19281e-44
2.00928 2.8953e-44
2.01172 2.62538e-44
2.01416 2.38052e-44
2.0166 2.15839e-44
2.01904 1.95689e-44
2.02148 1.77412e-44
2.02393 1.60834e-44
2.02637 1.45799e-44
2.02881 1.32163e-44
2.03125 1.19796e-44
2.03369 1.08581e-44
2.03613 9.84119e-45
2.03857 8.91906e-45
2.04102 8.08295e-45
2.04346 7.32488e-45
2.0459 6.63758e-45
2.04834 6.01448e-45
2.05078 5.44962e-45
2.05322 4.93758e-45
2.05566 4.47343e-45
2.05811 4.05272e-45
2.06055 3.6714e-45
2.06299 3.3258e-45
2.06543 3.01259e-45
2.06787 2.72874e-45
2.07031 2.47153e-45
2.07275 2.23845e-45
2.0752 2.02725e-45
2.07764 1.8359e-45
2.08008 1.66252e-45
2.08252 1.50545e-45
2.08496 1.36315e-45
2.0874 1.23425e-45
2.08984 1.11748e-45
2.09229 1.01171e-45
2.09473 9.15904e-46
2.09717 8.29134e-46
2.09961 7.50548e-46
2.10205 6.79378e-46
2.10449 6.14928e-46
2.10693 5.56565e-46
2.10938 5.03717e-46
2.11182 4.55866e-46
2.11426 4.12541e-46
2.1167 3.73315e-46
2.11914 3.37803e-46
2.12158 3.05655e-46
2.12402 2.76553e-46
2.12646 2.5021e-46
2.12891 2.26365e-46
2.13135 2.04783e-46
2.13379 1.8525e-46
2.13623 1.67572e-46
2.13867 1.51574e-46
2.14111 1.37096e-46
2.14355 1.23996e-46
2.146 1.12142e-46
2.14844 1.01416e-46
2.15088 9.17119e-47
2.15332 8.29324e-47
2.15576 7.49897e-47
2.1582 6.78045e-47
2.16064 6.13048e-47
2.16309 5.54256e-47
2.16553 5.01078e-47
2.16797 4.5298e-47
2.17041 4.0948e-47
2.17285 3.70139e-47
2.17529 3.34562e-47
2.17773 3.0239e-47
2.18018 2.73299e-47
2.18262 2.46995e-47
2.18506 2.23212e-47
2.1875 2.01709e-47
2.18994 1.82269e-47
2.19238 1.64695e-47
2.19482 1.48808e-47
2.19727 1.34447e-47
2.19971 1.21467e-47
2.20215 1.09734e-47
2.20459 9.91298e-48
2.20703 8.95461e-48
2.20947 8.08852e-48
2.21191 7.30584e-48
2.21436 6.59858e-48
2.2168 5.95951e-48
2.21924 5.38207e-48
2.22168 4.86036e-48
2.22412 4.389e-48
2.22656 3.96317e-48
2.229 3.57848e-48
2.23145 3.23098e-48
2.23389 2.91709e-48
2.23633 2.63356e-48
2.23877 2.37748e-48
2.24121 2.1462e-48
2.24365 1.93732e-48
2.24609 1.74869e-48
2.24854 1.57835e-48
2.25098 1.42454e-48
2.25342 1.28565e-48
2.25586 1.16025e-48
2.2583 1.04703e-48
2.26074 9.44814e-49
2.26318 8.52536e-49
2.26562 7.69234e-49
2.26807 6.94038e-49
2.27051 6.26164e-49
2.27295 5.649e-49
2.27539 5.09606e-49
2.27783 4.59702e-49
2.28027 4.14665e-49
2.28271 3.74023e-49
2.28516 3.37348e-49
2.2876 3.04255e-49
2.29004 2.74395e-49
2.29248 2.47454e-49
2.29492 2.23147e-49
2.29736 2.01218e-49
2.2998 1.81436e-49
2.30225 1.63591e-49
2.30469 1.47493e-49
2.30713 1.32974e-49
2.30957 1.19878e-49
2.31201 1.08067e-49
2.31445 9.74144e-50
2.31689 8.7808e-50
2.31934 7.91451e-50
2.32178 7.13335e-50
2.32422 6.42898e-50
2.32666 5.79389e-50
2.3291 5.22128e-50
2.33154 4.70504e-50
2.33398 4.23965e-50
2.33643 3.8201e-50
2.33887 3.44191e-50
2.34131 3.10101e-50
2.34375 2.79374e-50
2.34619 2.5168e-50
2.34863 2.2672e-50
2.35107 2.04226e-50
2.35352 1.83955e-50
2.35596 1.65688e-50
2.3584 1.49227e-50
2.36084 1.34396e-50
2.36328 1.21033e-50
2.36572 1.08994e-50
2.36816 9.81469e-51
2.37061 8.83755e-51
2.37305 7.95731e-51
2.37549 7.1644e-51
2.37793 6.4502e-51
2.38037 5.80692e-51
2.38281 5.22754e-51
2.38525 4.70574e-51
2.3877 4.23583e-51
2.39014 3.81266e-51
2.39258 3.4316e-51
2.39502 3.08848e-51
2.39746 2.77954e-51
2.3999 2.50138e-51
2.40234 2.25094e-51
2.40479 2.02549e-51
2.40723 1.82253e-51
2.40967 1.63983e-51
2.41211 1.47537e-51
2.41455 1.32735e-51
2.41699 1.19411e-51
2.41943 1.0742e-51
2.42188 9.66289e-52
2.42432 8.69174e-52
2.42676 7.81782e-52
2.4292 7.03143e-52
2.43164 6.32385e-52
2.43408 5.68719e-52
2.43652 5.11439e-52
2.43896 4.59906e-52
2.44141 4.13546e-52
2.44385 3.71842e-52
2.44629 3.34327e-52
2.44873 3.00583e-52
2.45117 2.70231e-52
2.45361 2.42933e-52
2.45605 2.18382e-52
2.4585 1.96303e-52
2.46094 1.76448e-52
2.46338 1.58593e-52
2.46582 1.42538e-52
2.46826 1.28103e-52
2.4707 1.15124e-52
2.47314 1.03455e-52
2.47559 9.2964e-53
2.47803 8.35331e-53
2.48047 7.50554e-53
2.48291 6.74349e-53
2.48535 6.05852e-53
2.48779 5.44286e-53
2.49023 4.88954e-53
2.49268 4.39226e-53
2.49512 3.94536e-53
2.49756 3.54377e-53
2.5 3.1829e-53
2.50244 2.85864e-53
2.50488 2.5673e-53
2.50732 2.30553e-53
2.50977 2.07036e-53
2.51221 1.85909e-53
2.51465 1.6693e-53
2.51709 1.49881e-53
2.51953 1.34567e-53
2.52197 1.20812e-53
2.52441 1.08458e-53
2.52686 9.73621e-54
2.5293 8.73975e-54
2.53174 7.8449e-54
2.53418 7.04134e-54
2.53662 6.31978e-54
2.53906 5.6719e-54
2.5415 5.09019e-54
2.54395 4.56792e-54
2.54639 4.09905e-54
2.54883 3.67812e-54
2.55127 3.30027e-54
2.55371 2.96109e-54
2.55615 2.65664e-54
2.55859 2.38338e-54
2.56104 2.13812e-54
2.56348 1.91802e-54
2.56592 1.72048e-54
2.56836 1.54322e-54
2.5708 1.38416e-54
2.57324 1.24143e-54
2.57568 1.11337e-54
2.57812 9.98464e-55
2.58057 8.95379e-55
2.58301 8.02898e-55
2.58545 7.19935e-55
2.58789 6.45513e-55
2.59033 5.78758e-55
2.59277 5.18881e-55
2.59521 4.65176e-55
2.59766 4.1701e-55
2.6001 3.73814e-55
2.60254 3.35076e-55
2.60498 3.00338e-55
2.60742 2.69189e-55
2.60986 2.41258e-55
2.6123 2.16216e-55
2.61475 1.93763e-55
2.61719 1.73634e-55
2.61963 1.55589e-55
2.62207 1.39412e-55
2.62451 1.24911e-55
2.62695 1.11914e-55
2.62939 1.00263e-55
2.63184 8.98219e-56
2.63428 8.04638e-56
2.63672 7.20773e-56
2.63916 6.45618e-56
2.6416 5.78272e-56
2.64404 5.17927e-56
2.64648 4.63856e-56
2.64893 4.15411e-56
2.65137 3.72007e-56
2.65381 3.33123e-56
2.65625 2.98289e-56
2.65869 2.67084e-56
2.66113 2.39133e-56
2.66357 2.14096e-56
2.66602 1.91672e-56
2.66846 1.71588e-56
2.6709 1.53601e-56
2.67334 1.37494e-56
2.67578 1.23069e-56
2.67822 1.10153e-56
2.68066 9.85871e-57
2.68311 8.82317e-57
2.68555 7.89602e-57
2.68799 7.06597e-57
2.69043 6.32286e-57
2.69287 5.65764e-57
2.69531 5.06217e-57
2.69775 4.52915e-57
2.7002 4.05206e-57
2.70264 3.62506e-57
2.70508 3.2429e-57
2.70752 2.90088e-57
2.70996 2.59482e-57
2.7124 2.32094e-57
2.71484 2.07586e-57
2.71729 1.85658e-57
2.71973 1.66038e-57
2.72217 1.48484e-57
2.72461 1.3278e-57
2.72705 1.18731e-57
2.72949 1.06163e-57
2.73193 9.49217e-58
2.73438 8.48662e-58
2.73682 7.58724e-58
2.73926 6.78285e-58
2.7417 6.06344e-58
2.74414 5.42009e-58
2.74658 4.84476e-58
2.74902 4.3303e-58
2.75146 3.87028e-58
2.75391 3.45896e-58
2.75635 3.09122e-58
2.75879 2.76243e-58
2.76123 2.4685e-58
2.76367 2.20574e-58
2.76611 1.97086e-58
2.76855 1.7609e-58
2.771 1.57323e-58
2.77344 1.4055e-58
2.77588 1.25559e-58
2.77832 1.12162e-58
2.78076 1.0019e-58
2.7832 8.94907e-59
2.78564 7.99305e-59
2.78809 7.13882e-59
2.79053 6.37558e-59
2.79297 5.69367e-59
2.79541 5.08445e-59
2.79785 4.5402e-59
2.80029 4.05402e-59
2.80273 3.61972e-59
2.80518 3.2318e-59
2.80762 2.88531e-59
2.81006 2.57585e-59
2.8125 2.29947e-59
2.81494 2.05264e-59
2.81738 1.83223e-59
2.81982 1.6354e-59
2.82227 1.45965e-59
2.82471 1.30272e-59
2.82715 1.16261e-59
2.82959 1.03752e-59
2.83203 9.25842e-60
2.83447 8.26147e-60
2.83691 7.37153e-60
2.83936 6.57713e-60
2.8418 5.86806e-60
2.84424 5.23519e-60
2.84668 4.67035e-60
2.84912 4.16625e-60
2.85156 3.71639e-60
2.854 3.31494e-60
2.85645 2.95672e-60
2.85889 2.63708e-60
2.86133 2.35189e-60
2.86377 2.09744e-60
2.86621 1.87042e-60
2.86865 1.6679e-60
2.87109 1.48724e-60
2.87354 1.32608e-60
2.87598 1.18233e-60
2.87842 1.05411e-60
2.88086 9.39751e-61
2.8833 8.37759e-61
2.88574 7.46801e-61
2.88818 6.65687e-61
2.89062 5.93354e-61
2.89307 5.28856e-61
2.89551 4.71347e-61
2.89795 4.20071e-61
2.90039 3.74355e-61
2.90283 3.33599e-61
2.90527 2.97265e-61
2.90771 2.64877e-61
2.91016 2.36006e-61
2.9126 2.10271e-61
2.91504 1.87334e-61
2.91748 1.66891e-61
2.91992 1.48672e-61
2.92236 1.32436e-61
2.9248 1.17967e-61
2.92725 1.05073e-61
2.92969 9.35848e-62
2.93213 8.33484e-62
2.93457 7.42282e-62
2.93701 6.61028e-62
2.93945 5.8864e-62
2.94189 5.24154e-62
2.94434 4.66711e-62
2.94678 4.15543e-62
2.94922 3.69967e-62
2.95166 3.29374e-62
2.9541 2.93221e-62
2.95654 2.61024e-62
2.95898 2.32351e-62
2.96143 2.06818e-62
2.96387 1.84082e-62
2.96631 1.63838e-62
2.96875 1.45813e-62
2.97119 1.29764e-62
2.97363 1.15477e-62
2.97607 1.02758e-62
2.97852 9.14353e-63
2.98096 8.13565e-63
2.9834 7.23851e-63
2.98584 6.44e-63
2.98828 5.7293e-63
2.99072 5.09679e-63
2.99316 4.53389e-63
2.99561 4.03297e-63
2.99805 3.58722e-63
3.00049 3.19059e-63
3.00293 2.83767e-63
3.00537 2.52367e-63
3.00781 2.24431e-63
3.01025 1.99578e-63
3.0127 1.77469e-63
3.01514 1.57801e-63
3.01758 1.40306e-63
3.02002 1.24745e-63
3.02246 1.10905e-63
3.0249 9.8595e-64
3.02734 8.76475e-64
3.02979 7.79118e-64
3.03223 6.92542e-64
3.03467 6.15558e-64
3.03711 5.47105e-64
3.03955 4.86241e-64
3.04199 4.32127e-64
3.04443 3.84018e-64
3.04688 3.41248e-64
3.04932 3.03227e-64
3.05176 2.6943e-64
3.0542 2.39388e-64
3.05664 2.12686e-64
3.05908 1.88953e-64
3.06152 1.6786e-64
3.06396 1.49115e-64
3.06641 1.32457e-64
3.06885 1.17654e-64
3.07129 1.04501e-64
3.07373 9.28134e-65
3.07617 8.24292e-65
3.07861 7.32033e-65
3.08105 6.50069e-65
3.0835 5.77255e-65
3.08594 5.12573e-65
3.08838 4.55116e-65
3.09082 4.04081e-65
3.09326 3.58752e-65
3.0957 3.18492e-65
3.09814 2.82737e-65
3.10059 2.50984e-65
3.10303 2.22786e-65
3.10547 1.97747e-65
3.10791 1.75514e-65
3.11035 1.55773e-65
3.11279 1.38246e-65
3.11523 1.22685e-65
3.11768 1.0887e-65
3.12012 9.66065e-66
3.12256 8.57202e-66
3.125 7.6057e-66
3.12744 6.748e-66
3.12988 5.98673e-66
3.13232 5.31109e-66
3.13477 4.71148e-66
3.13721 4.17936e-66
3.13965 3.70716e-66
3.14209 3.28816e-66
3.14453 2.91637e-66
3.14697 2.5865e-66
3.14941 2.29384e-66
3.15186 2.03419e-66
3.1543 1.80384e-66
3.15674 1.5995e-66
3.15918 1.41825e-66
3.16162 1.25747e-66
3.16406 1.11486e-66
3.1665 9.88385e-67
3.16895 8.76212e-67
3.17139 7.76734e-67
3.17383 6.88516e-67
3.17627 6.10289e-67
3.17871 5.40924e-67
3.18115 4.7942e-67
3.18359 4.24889e-67
3.18604 3.76542e-67
3.18848 3.33681e-67
3.19092 2.95684e-67
3.19336 2.62002e-67
3.1958 2.32146e-67
3.19824 2.05681e-67
3.20068 1.82226e-67
3.20312 1.61437e-67
3.20557 1.43013e-67
3.20801 1.26686e-67
3.21045 1.12217e-67
3.21289 9.93962e-68
3.21533 8.80359e-68
3.21777 7.79703e-68
3.22021 6.90522e-68
3.22266 6.11513e-68
3.2251 5.41518e-68
3.22754 4.79511e-68
3.22998 4.24585e-68
3.23242 3.75932e-68
3.23486 3.32839e-68
3.2373 2.94671e-68
3.23975 2.60868e-68
3.24219 2.30931e-68
3.24463 2.0442e-68
3.24707 1.80944e-68
3.24951 1.60157e-68
3.25195 1.4175e-68
3.25439 1.25453e-68
3.25684 1.11025e-68
3.25928 9.82512e-69
3.26172 8.69429e-69
3.26416 7.69325e-69
3.2666 6.80715e-69
3.26904 6.02281e-69
3.27148 5.3286e-69
3.27393 4.71418e-69
3.27637 4.17041e-69
3.27881 3.68918e-69
3.28125 3.26333e-69
3.28369 2.88649e-69
3.28613 2.55306e-69
3.28857 2.25803e-69
3.29102 1.99699e-69
3.29346 1.76605e-69
3.2959 1.56175e-69
3.29834 1.38101e-69
3.30078 1.22113e-69
3.30322 1.07971e-69
3.30566 9.54619e-70
3.30811 8.43981e-70
3.31055 7.46131e-70
3.31299 6.59594e-70
3.31543 5.83066e-70
3.31787 5.15392e-70
3.32031 4.55551e-70
3.32275 4.02639e-70
3.3252 3.55856e-70
3.32764 3.14493e-70
3.33008 2.77925e-70
3.33252 2.45598e-70
3.33496 2.1702e-70
3.3374 1.91758e-70
3.33984 1.69429e-70
3.34229 1.49693e-70
3.34473 1.32249e-70
3.34717 1.16833e-70
3.34961 1.03209e-70
3.35205 9.11688e-71
3.35449 8.05296e-71
3.35693 7.11286e-71
3.35938 6.28221e-71
3.36182 5.5483e-71
3.36426 4.8999e-71
3.3667 4.32706e-71
3.36914 3.82101e-71
3.37158 3.37398e-71
3.37402 2.97911e-71
3.37646 2.63033e-71
3.37891 2.32227e-71
3.38135 2.05019e-71
3.38379 1.8099e-71
3.38623 1.5977e-71
3.38867 1.41031e-71
3.39111 1.24484e-71
3.39355 1.09873e-71
3.396 9.69727e-72
3.39844 8.55828e-72
3.40088 7.55271e-72
3.40332 6.66497e-72
3.40576 5.88129e-72
3.4082 5.18951e-72
3.41064 4.57889e-72
3.41309 4.03992e-72
3.41553 3.56422e-72
3.41797 3.14438e-72
3.42041 2.77387e-72
3.42285 2.4469e-72
3.42529 2.15836e-72
3.42773 1.90376e-72
3.43018 1.67911e-72
3.43262 1.48091e-72
3.43506 1.30603e-72
3.4375 1.15175e-72
3.43994 1.01565e-72
3.44238 8.95587e-73
3.44482 7.8968e-73
3.44727 6.96263e-73
3.44971 6.13869e-73
3.45215 5.41199e-73
3.45459 4.77109e-73
3.45703 4.20588e-73
3.45947 3.70746e-73
3.46191 3.26794e-73
3.46436 2.8804e-73
3.4668 2.53869e-73
3.46924 2.23741e-73
3.47168 1.97179e-73
3.47412 1.73762e-73
3.47656 1.53119e-73
3.479 1.34922e-73
3.48145 1.18882e-73
3.48389 1.04744e-73
3.48633 9.22825e-74
3.48877 8.12998e-74
3.49121 7.16209e-74
3.49365 6.30912e-74
3.49609 5.55747e-74
3.49854 4.89514e-74
3.50098 4.31154e-74
3.50342 3.79733e-74
3.50586 3.34429e-74
3.5083 2.94516e-74
3.51074 2.59354e-74
3.51318 2.28379e-74
3.51562 2.01094e-74
3.51807 1.7706e-74
3.52051 1.55892e-74
3.52295 1.37247e-74
3.52539 1.20827e-74
3.52783 1.06366e-74
3.53027 9.36313e-75
3.53271 8.24174e-75
3.53516 7.25431e-75
3.5376 6.38487e-75
3.54004 5.61938e-75
3.54248 4.94542e-75
3.54492 4.35208e-75
3.54736 3.82975e-75
3.5498 3.36995e-75
3.55225 2.96521e-75
3.55469 2.60896e-75
3.55713 2.2954e-75
3.55957 2.01943e-75
3.56201 1.77655e-75
3.56445 1.56281e-75
3.56689 1.37472e-75
3.56934 1.20921e-75
3.57178 1.06357e-75
3.57422 9.35434e-76
3.57666 8.22694e-76
3.5791 7.23507e-76
3.58154 6.36248e-76
3.58398 5.59486e-76
3.58643 4.91962e-76
3.58887 4.32567e-76
3.59131 3.80324e-76
3.59375 3.34375e-76
3.59619 2.93963e-76
3.59863 2.58423e-76
3.60107 2.27169e-76
3.60352 1.99686e-76
3.60596 1.75519e-76
3.6084 1.54269e-76
3.61084 1.35586e-76
3.61328 1.1916e-76
3.61572 1.04718e-76
3.61816 9.20229e-77
3.62061 8.08627e-77
3.62305 7.10526e-77
3.62549 6.24296e-77
3.62793 5.48505e-77
3.63037 4.81893e-77
3.63281 4.23349e-77
3.63525 3.71901e-77
3.6377 3.26689e-77
3.64014 2.8696e-77
3.64258 2.5205e-77
3.64502 2.21377e-77
3.64746 1.94427e-77
3.6499 1.7075e-77
3.65234 1.49949e-77
3.65479 1.31676e-77
3.65723 1.15624e-77
3.65967 1.01524e-77
3.66211 8.91392e-78
3.66455 7.82615e-78
3.66699 6.8708e-78
3.66943 6.03178e-78
3.67188 5.29496e-78
3.67432 4.64793e-78
3.67676 4.07977e-78
3.6792 3.58089e-78
3.68164 3.14286e-78
3.68408 2.75828e-78
3.68652 2.42065e-78
3.68896 2.12425e-78
3.69141 1.86405e-78
3.69385 1.63564e-78
3.69629 1.43515e-78
3.69873 1.25918e-78
3.70117 1.10473e-78
3.70361 9.6918e-79
3.70605 8.50221e-79
3.7085 7.45828e-79
3.71094 6.54222e-79
3.71338 5.73839e-79
3.71582 5.03309e-79
3.71826 4.41427e-79
3.7207 3.87135e-79
3.72314 3.39504e-79
3.72559 2.97719e-79
3.72803 2.61064e-79
3.73047 2.28912e-79
3.73291 2.00709e-79
3.73535 1.75973e-79
3.73779 1.54278e-79
3.74023 1.35252e-79
3.74268 1.18566e-79
3.74512 1.03934e-79
3.74756 9.11026e-80
3.75 7.9852e-80
3.75244 6.99874e-80
3.75488 6.13385e-80
3.75732 5.37558e-80
3.75977 4.71083e-80
3.76221 4.12809e-80
3.76465 3.61726e-80
3.76709 3.16949e-80
3.76953 2.77701e-80
3.77197 2.43302e-80
3.77441 2.13154e-80
3.77686 1.86733e-80
3.7793 1.63579e-80
3.78174 1.43289e-80
3.78418 1.2551e-80
3.78662 1.09931e-80
3.78906 9.6282e-81
3.7915 8.43233e-81
3.79395 7.38465e-81
3.79639 6.46682e-81
3.79883 5.6628e-81
3.80127 4.95851e-81
3.80371 4.34161e-81
3.80615 3.80127e-81
3.80859 3.32803e-81
3.81104 2.91356e-81
3.81348 2.55059e-81
3.81592 2.23273e-81
3.81836 1.95439e-81
3.8208 1.71066e-81
3.82324 1.49726e-81
3.82568 1.31042e-81
3.82812 1.14684e-81
3.83057 1.00363e-81
3.83301 8.78264e-82
3.83545 7.6852e-82
3.83789 6.72456e-82
3.84033 5.88373e-82
3.84277 5.14779e-82
3.84521 4.50368e-82
3.84766 3.93998e-82
3.8501 3.44667e-82
3.85254 3.01498e-82
3.85498 2.63723e-82
3.85742 2.30671e-82
3.85986 2.01751e-82
3.8623 1.76448e-82
3.86475 1.54312e-82
3.86719 1.34946e-82
3.86963 1.18005e-82
3.87207 1.03186e-82
3.87451 9.0223e-83
3.87695 7.88851e-83
3.87939 6.89688e-83
3.88184 6.0296e-83
3.88428 5.27114e-83
3.88672 4.60786e-83
3.88916 4.02786e-83
3.8916 3.52069e-83
3.89404 3.07723e-83
3.89648 2.68951e-83
3.89893 2.35052e-83
3.90137 2.05416e-83
3.90381 1.79509e-83
3.90625 1.56861e-83
3.90869 1.37064e-83
3.91113 1.1976e-83
3.91357 1.04635e-83
3.91602 9.14166e-84
3.91846 7.98639e-84
3.9209 6.97679e-84
3.92334 6.09453e-84
3.92578 5.32358e-84
3.92822 4.64994e-84
3.93066 4.06134e-84
3.93311 3.54708e-84
3.93555 3.09779e-84
3.93799 2.70528e-84
3.94043 2.36239e-84
3.94287 2.06286e-84
3.94531 1.80123e-84
3.94775 1.5727e-84
3.9502 1.3731e-84
3.95264 1.19878e-84
3.95508 1.04653e-84
3.95752 9.13582e-85
3.95996 7.97483e-85
3.9624 6.96104e-85
3.96484 6.07585e-85
3.96729 5.30296e-85
3.96973 4.62817e-85
3.97217 4.03905e-85
3.97461 3.52476e-85
3.97705 3.0758e-85
3.97949 2.6839e-85
3.98193 2.34182e-85
3.98438 2.04324e-85
3.98682 1.78265e-85
3.98926 1.55522e-85
3.9917 1.35674e-85
3.99414 1.18353e-85
3.99658 1.03239e-85
3.99902 9.00504e-86
4.00146 7.85429e-86
4.00391 6.85028e-86
4.00635 5.97432e-86
4.00879 5.21012e-86
4.01123 4.54346e-86
4.01367 3.96192e-86
4.01611 3.45464e-86
4.01855 3.01217e-86
4.021 2.62625e-86
4.02344 2.28966e-86
4.02588 1.99611e-86
4.02832 1.74012e-86
4.03076 1.51688e-86
4.0332 1.32222e-86
4.03564 1.15249e-86
4.03809 1.0045e-86
4.04053 8.75464e-87
4.04297 7.62971e-87
4.04541 6.64901e-87
4.04785 5.79409e-87
4.05029 5.04886e-87
4.05273 4.39926e-87
4.05518 3.83306e-87
4.05762 3.33958e-87
4.06006 2.90948e-87
4.0625 2.53466e-87
4.06494 2.20802e-87
4.06738 1.92338e-87
4.06982 1.67536e-87
4.07227 1.45925e-87
4.07471 1.27095e-87
4.07715 1.1069e-87
4.07959 9.63981e-88
4.08203 8.39473e-88
4.08447 7.31012e-88
4.08691 6.36533e-88
4.08936 5.54239e-88
4.0918 4.82562e-88
4.09424 4.20134e-88
4.09668 3.65765e-88
4.09912 3.18416e-88
4.10156 2.77184e-88
4.104 2.41279e-88
4.10645 2.10015e-88
4.10889 1.82794e-88
4.11133 1.59093e-88
4.11377 1.38459e-88
4.11621 1.20495e-88
4.11865 1.04857e-88
4.12109 9.12439e-89
4.12354 7.93944e-89
4.12598 6.90805e-89
4.12842 6.01036e-89
4.13086 5.22907e-89
4.1333 4.54913e-89
4.13574 3.95741e-89
4.13818 3.44249e-89
4.14062 2.99443e-89
4.14307 2.60456e-89
4.14551 2.26535e-89
4.14795 1.97022e-89
4.15039 1.71345e-89
4.15283 1.49008e-89
4.15527 1.29577e-89
4.15771 1.12674e-89
4.16016 9.79714e-90
4.1626 8.51833e-90
4.16504 7.40608e-90
4.16748 6.43876e-90
4.16992 5.59751e-90
4.17236 4.86594e-90
4.1748 4.22979e-90
4.17725 3.67662e-90
4.17969 3.19565e-90
4.18213 2.77746e-90
4.18457 2.41389e-90
4.18701 2.0978e-90
4.18945 1.82302e-90
4.19189 1.58416e-90
4.19434 1.37653e-90
4.19678 1.19605e-90
4.19922 1.03919e-90
4.20166 9.02853e-91
4.2041 7.84368e-91
4.20654 6.814e-91
4.20898 5.91921e-91
4.21143 5.14167e-91
4.21387 4.46606e-91
4.21631 3.87904e-91
4.21875 3.36901e-91
4.22119 2.92591e-91
4.22363 2.54096e-91
4.22607 2.20655e-91
4.22852 1.91606e-91
4.23096 1.66374e-91
4.2334 1.44457e-91
4.23584 1.25422e-91
4.23828 1.0889e-91
4.24072 9.45319e-92
4.24316 8.20635e-92
4.24561 7.12362e-92
4.24805 6.18345e-92
4.25049 5.36711e-92
4.25293 4.65832e-92
4.25537 4.04294e-92
4.25781 3.50869e-92
4.26025 3.04489e-92
4.2627 2.64227e-92
4.26514 2.29278e-92
4.26758 1.98942e-92
4.27002 1.72612e-92
4.27246 1.49759e-92
4.2749 1.29926e-92
4.27734 1.12714e-92
4.27979 9.77774e-93
4.28223 8.48162e-93
4.28467 7.35696e-93
4.28711 6.38112e-93
4.28955 5.53446e-93
4.29199 4.7999e-93
4.29443 4.16264e-93
4.29688 3.60982e-93
4.29932 3.13026e-93
4.30176 2.71428e-93
4.3042 2.35347e-93
4.30664 2.04052e-93
4.30908 1.76911e-93
4.31152 1.53372e-93
4.31396 1.32959e-93
4.31641 1.15257e-93
4.31885 9.99072e-94
4.32129 8.65976e-94
4.32373 7.50575e-94
4.32617 6.50521e-94
4.32861 5.63778e-94
4.33105 4.88578e-94
4.3335 4.23389e-94
4.33594 3.6688e-94
4.33838 3.17898e-94
4.34082 2.75443e-94
4.34326 2.38646e-94
4.3457 2.06755e-94
4.34814 1.79117e-94
4.35059 1.55166e-94
4.35303 1.34412e-94
4.35547 1.16428e-94
4.35791 1.00845e-94
4.36035 8.73437e-95
4.36279 7.56464e-95
4.36523 6.55125e-95
4.36768 5.67335e-95
4.37012 4.91286e-95
4.37256 4.25411e-95
4.375 3.68351e-95
4.37744 3.18929e-95
4.37988 2.76125e-95
4.38232 2.39055e-95
4.38477 2.06951e-95
4.38721 1.7915e-95
4.38965 1.55077e-95
4.39209 1.34232e-95
4.39453 1.16183e-95
4.39697 1.00556e-95
4.39941 8.70273e-96
4.40186 7.5315e-96
4.4043 6.51757e-96
4.40674 5.63988e-96
4.40918 4.88015e-96
4.41162 4.22256e-96
4.41406 3.65341e-96
4.4165 3.16082e-96
4.41895 2.73451e-96
4.42139 2.36559e-96
4.42383 2.04634e-96
4.42627 1.7701e-96
4.42871 1.53107e-96
4.43115 1.32426e-96
4.43359 1.14532e-96
4.43604 9.90521e-97
4.43848 8.56601e-97
4.44092 7.40752e-97
4.44336 6.4054e-97
4.4458 5.53859e-97
4.44824 4.78885e-97
4.45068 4.1404e-97
4.45312 3.57959e-97
4.45557 3.09459e-97
4.45801 2.67517e-97
4.46045 2.31249e-97
4.46289 1.99889e-97
4.46533 1.72773e-97
4.46777 1.49328e-97
4.47021 1.29059e-97
4.47266 1.11535e-97
4.4751 9.63865e-98
4.47754 8.32914e-98
4.47998 7.19719e-98
4.48242 6.21877e-98
4.48486 5.37312e-98
4.4873 4.64223e-98
4.48975 4.01058e-98
4.49219 3.4647e-98
4.49463 2.99299e-98
4.49707 2.58537e-98
4.49951 2.23316e-98
4.50195 1.92884e-98
4.50439 1.66591e-98
4.50684 1.43876e-98
4.50928 1.24251e-98
4.51172 1.07299e-98
4.51416 9.26547e-99
4.5166 8.00055e-99
4.51904 6.90798e-99
4.52148 5.96434e-99
4.52393 5.14935e-99
4.52637 4.44551e-99
4.52881 3.83769e-99
4.53125 3.31282e-99
4.53369 2.8596e-99
4.53613 2.46826e-99
4.53857 2.13038e-99
4.54102 1.83867e-99
4.54346 1.58682e-99
4.5459 1.3694e-99
4.54834 1.18172e-99
4.55078 1.01971e-99
4.55322 8.79868e-100
4.55566 7.59169e-100
4.55811 6.54996e-100
4.56055 5.6509e-100
4.56299 4.87502e-100
4.56543 4.20547e-100
4.56787 3.6277e-100
4.57031 3.12916e-100
4.57275 2.69901e-100
4.5752 2.32787e-100
4.57764 2.00768e-100
4.58008 1.73144e-100
4.58252 1.49314e-100
4.58496 1.28758e-100
4.5874 1.11026e-100
4.58984 9.57317e-101
4.59229 8.25403e-101
4.59473 7.11632e-101
4.59717 6.13513e-101
4.59961 5.28898e-101
4.60205 4.55931e-101
4.60449 3.93012e-101
4.60693 3.3876e-101
4.60938 2.91983e-101
4.61182 2.51653e-101
4.61426 2.16883e-101
4.6167 1.86908e-101
4.61914 1.61069e-101
4.62158 1.38795e-101
4.62402 1.19595e-101
4.62646 1.03047e-101
4.62891 8.87838e-102
4.63135 7.64914e-102
4.63379 6.58978e-102
4.63623 5.67686e-102
4.63867 4.89018e-102
4.64111 4.21232e-102
4.64355 3.62824e-102
4.646 3.12501e-102
4.64844 2.69144e-102
4.65088 2.31792e-102
4.65332 1.99614e-102
4.65576 1.71895e-102
4.6582 1.48018e-102
4.66064 1.27451e-102
4.66309 1.09737e-102
4.66553 9.44806e-103
4.66797 8.13412e-103
4.67041 7.00258e-103
4.67285 6.02816e-103
4.67529 5.18909e-103
4.67773 4.46659e-103
4.68018 3.84451e-103
4.68262 3.30891e-103
4.68506 2.84779e-103
4.6875 2.45082e-103
4.68994 2.10908e-103
4.69238 1.81491e-103
4.69482 1.56169e-103
4.69727 1.34374e-103
4.69971 1.15615e-103
4.70215 9.94699e-104
4.70459 8.55754e-104
4.70703 7.36183e-104
4.70947 6.33289e-104
4.71191 5.44751e-104
4.71436 4.68568e-104
4.7168 4.0302e-104
4.71924 3.46625e-104
4.72168 2.98107e-104
4.72412 2.56368e-104
4.72656 2.20463e-104
4.729 1.89577e-104
4.73145 1.63011e-104
4.73389 1.4016e-104
4.73633 1.20507e-104
4.73877 1.03605e-104
4.74121 8.90693e-105
4.74365 7.65693e-105
4.74609 6.58203e-105
4.74854 5.65776e-105
4.75098 4.86305e-105
4.75342 4.17977e-105
4.75586 3.59232e-105
4.7583 3.08729e-105
4.76074 2.65313e-105
4.76318 2.27992e-105
4.76562 1.95911e-105
4.76807 1.68336e-105
4.77051 1.44636e-105
4.77295 1.24267e-105
4.77539 1.06761e-105
4.77783 9.17165e-106
4.78027 7.87886e-106
4.78271 6.76797e-106
4.78516 5.81343e-106
4.7876 4.99328e-106
4.79004 4.28863e-106
4.79248 3.68325e-106
4.79492 3.16317e-106
4.79736 2.71639e-106
4.7998 2.33261e-106
4.80225 2.00296e-106
4.80469 1.71981e-106
4.80713 1.47662e-106
4.80957 1.26776e-106
4.81201 1.08838e-106
4.81445 9.34346e-107
4.81689 8.02071e-107
4.81934 6.88489e-107
4.82178 5.90963e-107
4.82422 5.07228e-107
4.82666 4.35337e-107
4.8291 3.73617e-107
4.83154 3.20633e-107
4.83398 2.75149e-107
4.83643 2.36106e-107
4.83887 2.02594e-107
4.84131 1.7383e-107
4.84375 1.49142e-107
4.84619 1.27955e-107
4.84863 1.09772e-107
4.85107 9.41691e-108
4.85352 8.07798e-108
4.85596 6.92909e-108
4.8584 5.94332e-108
4.86084 5.09755e-108
4.86328 4.37193e-108
4.86572 3.74942e-108
4.86816 3.21539e-108
4.87061 2.7573e-108
4.87305 2.36435e-108
4.87549 2.02731e-108
4.87793 1.73823e-108
4.88037 1.4903e-108
4.88281 1.27767e-108
4.88525 1.09533e-108
4.8877 9.38965e-109
4.89014 8.04884e-109
4.89258 6.89916e-109
4.89502 5.91342e-109
4.89746 5.06827e-109
4.8999 4.34371e-109
4.90234 3.72256e-109
4.90479 3.19007e-109
4.90723 2.73363e-109
4.90967 2.34238e-109
4.91211 2.00703e-109
4.91455 1.71962e-109
4.91699 1.47329e-109
4.91943 1.26218e-109
4.92188 1.08128e-109
4.92432 9.26256e-110
4.92676 7.93422e-110
4.9292 6.79605e-110
4.93164 5.82087e-110
4.93408 4.98539e-110
4.93652 4.26962e-110
4.93896 3.65644e-110
4.94141 3.13118e-110
4.94385 2.68124e-110
4.94629 2.29585e-110
4.94873 1.96576e-110
4.95117 1.68305e-110
4.95361 1.44093e-110
4.95605 1.23358e-110
4.9585 1.05601e-110
4.96094 9.03968e-111
4.96338 7.73777e-111
4.96582 6.62304e-111
4.96826 5.66863e-111
4.9707 4.85153e-111
4.97314 4.15201e-111
4.97559 3.55318e-111
4.97803 3.04057e-111
4.98047 2.6018e-111
4.98291 2.22623e-111
4.98535 1.90479e-111
4.98779 1.62968e-111
4.99023 1.39424e-111
4.99268 1.19275e-111
4.99512 1.02034e-111
4.99756 8.72802e-112
