-24 0
-23.9941 0
-23.9883 0
-23.9824 0
-23.9766 0
-23.9707 0
-23.9648 0
-23.959 0
-23.9531 0
-23.9473 0
-23.9414 0
-23.9355 0
-23.9297 0
-23.9238 0
-23.918 0
-23.9121 0
-23.9062 0
-23.9004 0
-23.8945 0
-23.8887 0
-23.8828 0
-23.877 0
-23.8711 0
-23.8652 0
-23.8594 0
-23.8535 0
-23.8477 0
-23.8418 0
-23.8359 0
-23.8301 0
-23.8242 0
-23.8184 0
-23.8125 0
-23.8066 0
-23.8008 0
-23.7949 0
-23.7891 0
-23.7832 0
-23.7773 0
-23.7715 0
-23.7656 0
-23.7598 0
-23.7539 0
-23.748 0
-23.7422 0
-23.7363 0
-23.7305 0
-23.7246 0
-23.7188 0
-23.7129 0
-23.707 0
-23.7012 0
-23.6953 0
-23.6895 0
-23.6836 0
-23.6777 0
-23.6719 0
-23.666 0
-23.6602 0
-23.6543 0
-23.6484 0
-23.6426 0
-23.6367 0
-23.6309 0
-23.625 0
-23.6191 0
-23.6133 0
-23.6074 0
-23.6016 0
-23.5957 0
-23.5898 0
-23.584 0
-23.5781 0
-23.5723 0
-23.5664 0
-23.5605 0
-23.5547 0
-23.5488 0
-23.543 0
-23.5371 0
-23.5312 0
-23.5254 0
-23.5195 0
-23.5137 0
-23.5078 0
-23.502 0
-23.4961 0
-23.4902 0
-23.4844 0
-23.4785 0
-23.4727 0
-23.4668 0
-23.4609 0
-23.4551 0
-23.4492 0
-23.4434 0
-23.4375 0
-23.4316 0
-23.4258 0
-23.4199 0
-23.4141 0
-23.4082 0
-23.4023 0
-23.3965 0
-23.3906 0
-23.3848 0
-23.3789 0
-23.373 0
-23.3672 0
-23.3613 0
-23.3555 0
-23.3496 0
-23.3438 0
-23.3379 0
-23.332 0
-23.3262 0
-23.3203 0
-23.3145 0
-23.3086 0
-23.3027 0
-23.2969 0
-23.291 0
-23.2852 0
-23.2793 0
-23.2734 0
-23.2676 0
-23.2617 0
-23.2559 0
-23.25 0
-23.2441 0
-23.2383 0
-23.2324 0
-23.2266 0
-23.2207 0
-23.2148 0
-23.209 0
-23.2031 0
-23.1973 0
-23.1914 0
-23.1855 0
-23.1797 0
-23.1738 0
-23.168 0
-23.1621 0
-23.1562 0
-23.1504 0
-23.1445 0
-23.1387 0
-23.1328 0
-23.127 0
-23.1211 0
-23.1152 0
-23.1094 0
-23.1035 0
-23.0977 0
-23.0918 0
-23.0859 0
-23.0801 0
-23.0742 0
-23.0684 0
-23.0625 0
-23.0566 0
-23.0508 0
-23.0449 0
-23.0391 0
-23.0332 0
-23.0273 0
-23.0215 0
-23.0156 0
-23.0098 0
-23.0039 0
-22.998 0
-22.9922 0
-22.9863 0
-22.9805 0
-22.9746 0
-22.9688 0
-22.9629 0
-22.957 0
-22.9512 0
-22.9453 0
-22.9395 0
-22.9336 0
-22.9277 0
-22.9219 0
-22.916 0
-22.9102 0
-22.9043 0
-22.8984 0
-22.8926 0
-22.8867 0
-22.8809 0
-22.875 0
-22.8691 0
-22.8633 0
-22.8574 0
-22.8516 0
-22.8457 0
-22.8398 0
-22.834 0
-22.8281 0
-22.8223 0
-22.8164 0
-22.8105 0
-22.8047 0
-22.7988 0
-22.793 0
-22.7871 0
-22.7812 0
-22.7754 0
-22.7695 0
-22.7637 0
-22.7578 0
-22.752 0
-22.7461 0
-22.7402 0
-22.7344 0
-22.7285 0
-22.7227 0
-22.7168 0
-22.7109 0
-22.7051 0
-22.6992 0
-22.6934 0
-22.6875 0
-22.6816 0
-22.6758 0
-22.6699 0
-22.6641 0
-22.6582 0
-22.6523 0
-22.6465 0
-22.6406 0
-22.6348 0
-22.6289 0
-22.623 0
-22.6172 0
-22.6113 0
-22.6055 0
-22.5996 0
-22.5938 0
-22.5879 0
-22.582 0
-22.5762 0
-22.5703 0
-22.5645 0
-22.5586 0
-22.5527 0
-22.5469 0
-22.541 0
-22.5352 0
-22.5293 0
-22.5234 0
-22.5176 0
-22.5117 0
-22.5059 0
-22.5 0
-22.4941 0
-22.4883 0
-22.4824 0
-22.4766 0
-22.4707 0
-22.4648 0
-22.459 0
-22.4531 0
-22.4473 0
-22.4414 0
-22.4355 0
-22.4297 0
-22.4238 0
-22.418 0
-22.4121 0
-22.4062 0
-22.4004 0
-22.3945 0
-22.3887 0
-22.3828 0
-22.377 0
-22.3711 0
-22.3652 0
-22.3594 0
-22.3535 0
-22.3477 0
-22.3418 0
-22.3359 0
-22.3301 0
-22.3242 0
-22.3184 0
-22.3125 0
-22.3066 0
-22.3008 0
-22.2949 0
-22.2891 0
-22.2832 0
-22.2773 0
-22.2715 0
-22.2656 0
-22.2598 0
-22.2539 0
-22.248 0
-22.2422 0
-22.2363 0
-22.2305 0
-22.2246 0
-22.2188 0
-22.2129 0
-22.207 0
-22.2012 0
-22.1953 0
-22.1895 0
-22.1836 0
-22.1777 0
-22.1719 0
-22.166 0
-22.1602 0
-22.1543 0
-22.1484 0
-22.1426 0
-22.1367 0
-22.1309 0
-22.125 0
-22.1191 0
-22.1133 0
-22.1074 0
-22.1016 0
-22.0957 0
-22.0898 0
-22.084 0
-22.0781 0
-22.0723 0
-22.0664 0
-22.0605 0
-22.0547 0
-22.0488 0
-22.043 0
-22.0371 0
-22.0312 0
-22.0254 0
-22.0195 0
-22.0137 0
-22.0078 0
-22.002 0
-21.9961 0
-21.9902 0
-21.9844 0
-21.9785 0
-21.9727 0
-21.9668 0
-21.9609 0
-21.9551 0
-21.9492 0
-21.9434 0
-21.9375 0
-21.9316 0
-21.9258 0
-21.9199 0
-21.9141 0
-21.9082 0
-21.9023 0
-21.8965 0
-21.8906 0
-21.8848 0
-21.8789 0
-21.873 0
-21.8672 0
-21.8613 0
-21.8555 0
-21.8496 0
-21.8438 0
-21.8379 0
-21.832 0
-21.8262 0
-21.8203 0
-21.8145 0
-21.8086 0
-21.8027 0
-21.7969 0
-21.791 0
-21.7852 0
-21.7793 0
-21.7734 0
-21.7676 0
-21.7617 0
-21.7559 0
-21.75 0
-21.7441 0
-21.7383 0
-21.7324 0
-21.7266 0
-21.7207 0
-21.7148 0
-21.709 0
-21.7031 0
-21.6973 0
-21.6914 0
-21.6855 0
-21.6797 0
-21.6738 0
-21.668 0
-21.6621 0
-21.6562 0
-21.6504 0
-21.6445 0
-21.6387 0
-21.6328 0
-21.627 0
-21.6211 0
-21.6152 0
-21.6094 0
-21.6035 0
-21.5977 0
-21.5918 0
-21.5859 0
-21.5801 0
-21.5742 0
-21.5684 0
-21.5625 0
-21.5566 0
-21.5508 0
-21.5449 0
-21.5391 0
-21.5332 0
-21.5273 0
-21.5215 0
-21.5156 0
-21.5098 0
-21.5039 0
-21.498 0
-21.4922 0
-21.4863 0
-21.4805 0
-21.4746 0
-21.4688 0
-21.4629 0
-21.457 0
-21.4512 0
-21.4453 0
-21.4395 0
-21.4336 0
-21.4277 0
-21.4219 0
-21.416 0
-21.4102 0
-21.4043 0
-21.3984 0
-21.3926 0
-21.3867 0
-21.3809 0
-21.375 0
-21.3691 0
-21.3633 0
-21.3574 0
-21.3516 0
-21.3457 0
-21.3398 0
-21.334 0
-21.3281 0
-21.3223 0
-21.3164 0
-21.3105 0
-21.3047 0
-21.2988 0
-21.293 0
-21.2871 0
-21.2812 0
-21.2754 0
-21.2695 0
-21.2637 0
-21.2578 0
-21.252 0
-21.2461 0
-21.2402 0
-21.2344 0
-21.2285 0
-21.2227 0
-21.2168 0
-21.2109 0
-21.2051 0
-21.1992 0
-21.1934 0
-21.1875 0
-21.1816 0
-21.1758 0
-21.1699 0
-21.1641 0
-21.1582 0
-21.1523 0
-21.1465 0
-21.1406 0
-21.1348 0
-21.1289 0
-21.123 0
-21.1172 0
-21.1113 0
-21.1055 0
-21.0996 0
-21.0938 0
-21.0879 0
-21.082 0
-21.0762 0
-21.0703 0
-21.0645 0
-21.0586 0
-21.0527 0
-21.0469 0
-21.041 0
-21.0352 0
-21.0293 0
-21.0234 0
-21.0176 0
-21.0117 0
-21.0059 0
-21 0
-20.9941 0
-20.9883 0
-20.9824 0
-20.9766 0
-20.9707 0
-20.9648 0
-20.959 0
-20.9531 0
-20.9473 0
-20.9414 0
-20.9355 0
-20.9297 0
-20.9238 0
-20.918 0
-20.9121 0
-20.9062 0
-20.9004 0
-20.8945 0
-20.8887 0
-20.8828 0
-20.877 0
-20.8711 0
-20.8652 0
-20.8594 0
-20.8535 0
-20.8477 0
-20.8418 0
-20.8359 0
-20.8301 0
-20.8242 0
-20.8184 0
-20.8125 0
-20.8066 0
-20.8008 0
-20.7949 0
-20.7891 0
-20.7832 0
-20.7773 0
-20.7715 0
-20.7656 0
-20.7598 0
-20.7539 0
-20.748 0
-20.7422 0
-20.7363 0
-20.7305 0
-20.7246 0
-20.7188 0
-20.7129 0
-20.707 0
-20.7012 0
-20.6953 0
-20.6895 0
-20.6836 0
-20.6777 0
-20.6719 0
-20.666 0
-20.6602 0
-20.6543 0
-20.6484 0
-20.6426 0
-20.6367 0
-20.6309 0
-20.625 0
-20.6191 0
-20.6133 0
-20.6074 0
-20.6016 0
-20.5957 0
-20.5898 0
-20.584 0
-20.5781 0
-20.5723 0
-20.5664 0
-20.5605 0
-20.5547 0
-20.5488 0
-20.543 0
-20.5371 0
-20.5312 0
-20.5254 0
-20.5195 0
-20.5137 0
-20.5078 0
-20.502 0
-20.4961 0
-20.4902 0
-20.4844 0
-20.4785 0
-20.4727 0
-20.4668 0
-20.4609 0
-20.4551 0
-20.4492 0
-20.4434 0
-20.4375 0
-20.4316 0
-20.4258 0
-20.4199 0
-20.4141 0
-20.4082 0
-20.4023 0
-20.3965 0
-20.3906 0
-20.3848 0
-20.3789 0
-20.373 0
-20.3672 0
-20.3613 0
-20.3555 0
-20.3496 0
-20.3438 0
-20.3379 0
-20.332 0
-20.3262 0
-20.3203 0
-20.3145 0
-20.3086 0
-20.3027 0
-20.2969 0
-20.291 0
-20.2852 0
-20.2793 0
-20.2734 0
-20.2676 0
-20.2617 0
-20.2559 0
-20.25 0
-20.2441 0
-20.2383 0
-20.2324 0
-20.2266 0
-20.2207 0
-20.2148 0
-20.209 0
-20.2031 0
-20.1973 0
-20.1914 0
-20.1855 0
-20.1797 0
-20.1738 0
-20.168 0
-20.1621 0
-20.1562 0
-20.1504 0
-20.1445 0
-20.1387 0
-20.1328 0
-20.127 0
-20.1211 0
-20.1152 0
-20.1094 0
-20.1035 0
-20.0977 0
-20.0918 0
-20.0859 0
-20.0801 0
-20.0742 0
-20.0684 0
-20.0625 0
-20.0566 0
-20.0508 0
-20.0449 0
-20.0391 0
-20.0332 0
-20.0273 0
-20.0215 0
-20.0156 0
-20.0098 0
-20.0039 0
-19.998 0
-19.9922 0
-19.9863 0
-19.9805 0
-19.9746 0
-19.9688 0
-19.9629 0
-19.957 0
-19.9512 0
-19.9453 0
-19.9395 0
-19.9336 0
-19.9277 0
-19.9219 0
-19.916 0
-19.9102 0
-19.9043 0
-19.8984 0
-19.8926 0
-19.8867 0
-19.8809 0
-19.875 0
-19.8691 0
-19.8633 0
-19.8574 0
-19.8516 0
-19.8457 0
-19.8398 0
-19.834 0
-19.8281 0
-19.8223 0
-19.8164 0
-19.8105 0
-19.8047 0
-19.7988 0
-19.793 0
-19.7871 0
-19.7812 0
-19.7754 0
-19.7695 0
-19.7637 0
-19.7578 0
-19.752 0
-19.7461 0
-19.7402 0
-19.7344 0
-19.7285 0
-19.7227 0
-19.7168 0
-19.7109 0
-19.7051 0
-19.6992 0
-19.6934 0
-19.6875 0
-19.6816 0
-19.6758 0
-19.6699 0
-19.6641 0
-19.6582 0
-19.6523 0
-19.6465 0
-19.6406 0
-19.6348 0
-19.6289 0
-19.623 0
-19.6172 0
-19.6113 0
-19.6055 0
-19.5996 0
-19.5938 0
-19.5879 0
-19.582 0
-19.5762 0
-19.5703 0
-19.5645 0
-19.5586 0
-19.5527 0
-19.5469 0
-19.541 0
-19.5352 0
-19.5293 0
-19.5234 0
-19.5176 0
-19.5117 0
-19.5059 0
-19.5 0
-19.4941 0
-19.4883 0
-19.4824 0
-19.4766 0
-19.4707 0
-19.4648 0
-19.459 0
-19.4531 0
-19.4473 0
-19.4414 0
-19.4355 0
-19.4297 0
-19.4238 0
-19.418 0
-19.4121 0
-19.4062 0
-19.4004 0
-19.3945 0
-19.3887 0
-19.3828 0
-19.377 0
-19.3711 0
-19.3652 0
-19.3594 0
-19.3535 0
-19.3477 0
-19.3418 0
-19.3359 0
-19.3301 0
-19.3242 0
-19.3184 0
-19.3125 0
-19.3066 0
-19.3008 0
-19.2949 0
-19.2891 0
-19.2832 0
-19.2773 0
-19.2715 0
-19.2656 0
-19.2598 0
-19.2539 0
-19.248 0
-19.2422 0
-19.2363 0
-19.2305 0
-19.2246 0
-19.2188 0
-19.2129 0
-19.207 0
-19.2012 0
-19.1953 0
-19.1895 0
-19.1836 0
-19.1777 0
-19.1719 0
-19.166 0
-19.1602 0
-19.1543 0
-19.1484 0
-19.1426 0
-19.1367 0
-19.1309 0
-19.125 0
-19.1191 0
-19.1133 0
-19.1074 0
-19.1016 0
-19.0957 0
-19.0898 0
-19.084 0
-19.0781 0
-19.0723 0
-19.0664 0
-19.0605 0
-19.0547 0
-19.0488 0
-19.043 0
-19.0371 0
-19.0312 0
-19.0254 0
-19.0195 0
-19.0137 0
-19.0078 0
-19.002 0
-18.9961 0
-18.9902 0
-18.9844 0
-18.9785 0
-18.9727 0
-18.9668 0
-18.9609 0
-18.9551 0
-18.9492 0
-18.9434 0
-18.9375 0
-18.9316 0
-18.9258 0
-18.9199 0
-18.9141 0
-18.9082 0
-18.9023 0
-18.8965 0
-18.8906 0
-18.8848 0
-18.8789 0
-18.873 0
-18.8672 0
-18.8613 0
-18.8555 0
-18.8496 0
-18.8438 0
-18.8379 0
-18.832 0
-18.8262 0
-18.8203 0
-18.8145 0
-18.8086 0
-18.8027 0
-18.7969 0
-18.791 0
-18.7852 0
-18.7793 0
-18.7734 0
-18.7676 0
-18.7617 0
-18.7559 0
-18.75 0
-18.7441 0
-18.7383 0
-18.7324 0
-18.7266 0
-18.7207 0
-18.7148 0
-18.709 0
-18.7031 0
-18.6973 0
-18.6914 0
-18.6855 0
-18.6797 0
-18.6738 0
-18.668 0
-18.6621 0
-18.6562 0
-18.6504 0
-18.6445 0
-18.6387 0
-18.6328 0
-18.627 0
-18.6211 0
-18.6152 0
-18.6094 0
-18.6035 0
-18.5977 0
-18.5918 0
-18.5859 0
-18.5801 0
-18.5742 0
-18.5684 0
-18.5625 0
-18.5566 0
-18.5508 0
-18.5449 0
-18.5391 0
-18.5332 0
-18.5273 0
-18.5215 0
-18.5156 0
-18.5098 0
-18.5039 0
-18.498 0
-18.4922 0
-18.4863 0
-18.4805 0
-18.4746 0
-18.4688 0
-18.4629 0
-18.457 0
-18.4512 0
-18.4453 0
-18.4395 0
-18.4336 0
-18.4277 0
-18.4219 0
-18.416 0
-18.4102 0
-18.4043 0
-18.3984 0
-18.3926 0
-18.3867 0
-18.3809 0
-18.375 0
-18.3691 0
-18.3633 0
-18.3574 0
-18.3516 0
-18.3457 0
-18.3398 0
-18.334 0
-18.3281 0
-18.3223 0
-18.3164 0
-18.3105 0
-18.3047 0
-18.2988 0
-18.293 0
-18.2871 0
-18.2812 0
-18.2754 0
-18.2695 0
-18.2637 0
-18.2578 0
-18.252 0
-18.2461 0
-18.2402 0
-18.2344 0
-18.2285 0
-18.2227 0
-18.2168 0
-18.2109 0
-18.2051 0
-18.1992 0
-18.1934 0
-18.1875 0
-18.1816 0
-18.1758 0
-18.1699 0
-18.1641 0
-18.1582 0
-18.1523 0
-18.1465 0
-18.1406 0
-18.1348 0
-18.1289 0
-18.123 0
-18.1172 0
-18.1113 0
-18.1055 0
-18.0996 0
-18.0938 0
-18.0879 0
-18.082 0
-18.0762 0
-18.0703 0
-18.0645 0
-18.0586 0
-18.0527 0
-18.0469 0
-18.041 0
-18.0352 0
-18.0293 0
-18.0234 0
-18.0176 0
-18.0117 0
-18.0059 0
-18 0
-17.9941 0
-17.9883 0
-17.9824 0
-17.9766 0
-17.9707 0
-17.9648 0
-17.959 0
-17.9531 0
-17.9473 0
-17.9414 0
-17.9355 0
-17.9297 0
-17.9238 0
-17.918 0
-17.9121 0
-17.9062 0
-17.9004 0
-17.8945 0
-17.8887 0
-17.8828 0
-17.877 0
-17.8711 0
-17.8652 0
-17.8594 0
-17.8535 0
-17.8477 0
-17.8418 0
-17.8359 0
-17.8301 0
-17.8242 0
-17.8184 0
-17.8125 0
-17.8066 0
-17.8008 0
-17.7949 0
-17.7891 0
-17.7832 0
-17.7773 0
-17.7715 0
-17.7656 0
-17.7598 0
-17.7539 0
-17.748 0
-17.7422 0
-17.7363 0
-17.7305 0
-17.7246 0
-17.7188 0
-17.7129 0
-17.707 0
-17.7012 0
-17.6953 0
-17.6895 0
-17.6836 0
-17.6777 0
-17.6719 0
-17.666 0
-17.6602 0
-17.6543 0
-17.6484 0
-17.6426 0
-17.6367 0
-17.6309 0
-17.625 0
-17.6191 0
-17.6133 0
-17.6074 0
-17.6016 0
-17.5957 0
-17.5898 0
-17.584 0
-17.5781 0
-17.5723 0
-17.5664 0
-17.5605 0
-17.5547 0
-17.5488 0
-17.543 0
-17.5371 0
-17.5312 0
-17.5254 0
-17.5195 0
-17.5137 0
-17.5078 0
-17.502 0
-17.4961 0
-17.4902 0
-17.4844 0
-17.4785 0
-17.4727 0
-17.4668 0
-17.4609 0
-17.4551 0
-17.4492 0
-17.4434 0
-17.4375 0
-17.4316 0
-17.4258 0
-17.4199 0
-17.4141 0
-17.4082 0
-17.4023 0
-17.3965 0
-17.3906 0
-17.3848 0
-17.3789 0
-17.373 0
-17.3672 0
-17.3613 0
-17.3555 0
-17.3496 0
-17.3438 0
-17.3379 0
-17.332 0
-17.3262 0
-17.3203 0
-17.3145 0
-17.3086 0
-17.3027 0
-17.2969 0
-17.291 0
-17.2852 0
-17.2793 0
-17.2734 0
-17.2676 0
-17.2617 0
-17.2559 0
-17.25 0
-17.2441 0
-17.2383 0
-17.2324 0
-17.2266 0
-17.2207 0
-17.2148 0
-17.209 0
-17.2031 0
-17.1973 0
-17.1914 0
-17.1855 0
-17.1797 0
-17.1738 0
-17.168 0
-17.1621 0
-17.1562 0
-17.1504 0
-17.1445 0
-17.1387 0
-17.1328 0
-17.127 0
-17.1211 0
-17.1152 0
-17.1094 0
-17.1035 0
-17.0977 0
-17.0918 0
-17.0859 0
-17.0801 0
-17.0742 0
-17.0684 0
-17.0625 0
-17.0566 0
-17.0508 0
-17.0449 0
-17.0391 0
-17.0332 0
-17.0273 0
-17.0215 0
-17.0156 0
-17.0098 0
-17.0039 0
-16.998 0
-16.9922 0
-16.9863 0
-16.9805 0
-16.9746 0
-16.9688 0
-16.9629 0
-16.957 0
-16.9512 0
-16.9453 0
-16.9395 0
-16.9336 0
-16.9277 0
-16.9219 0
-16.916 0
-16.9102 0
-16.9043 0
-16.8984 0
-16.8926 0
-16.8867 0
-16.8809 0
-16.875 0
-16.8691 0
-16.8633 0
-16.8574 0
-16.8516 0
-16.8457 0
-16.8398 0
-16.834 0
-16.8281 0
-16.8223 0
-16.8164 0
-16.8105 0
-16.8047 0
-16.7988 0
-16.793 0
-16.7871 0
-16.7812 0
-16.7754 0
-16.7695 0
-16.7637 0
-16.7578 0
-16.752 0
-16.7461 0
-16.7402 0
-16.7344 0
-16.7285 0
-16.7227 0
-16.7168 0
-16.7109 0
-16.7051 0
-16.6992 0
-16.6934 0
-16.6875 0
-16.6816 0
-16.6758 0
-16.6699 0
-16.6641 0
-16.6582 0
-16.6523 0
-16.6465 0
-16.6406 0
-16.6348 0
-16.6289 0
-16.623 0
-16.6172 0
-16.6113 0
-16.6055 0
-16.5996 0
-16.5938 0
-16.5879 0
-16.582 0
-16.5762 0
-16.5703 0
-16.5645 0
-16.5586 0
-16.5527 0
-16.5469 0
-16.541 0
-16.5352 0
-16.5293 0
-16.5234 0
-16.5176 0
-16.5117 0
-16.5059 0
-16.5 0
-16.4941 0
-16.4883 0
-16.4824 0
-16.4766 0
-16.4707 0
-16.4648 0
-16.459 0
-16.4531 0
-16.4473 0
-16.4414 0
-16.4355 0
-16.4297 0
-16.4238 0
-16.418 0
-16.4121 0
-16.4062 0
-16.4004 0
-16.3945 0
-16.3887 0
-16.3828 0
-16.377 0
-16.3711 0
-16.3652 0
-16.3594 0
-16.3535 0
-16.3477 0
-16.3418 0
-16.3359 0
-16.3301 0
-16.3242 0
-16.3184 0
-16.3125 0
-16.3066 0
-16.3008 0
-16.2949 0
-16.2891 0
-16.2832 0
-16.2773 0
-16.2715 0
-16.2656 0
-16.2598 0
-16.2539 0
-16.248 0
-16.2422 0
-16.2363 0
-16.2305 0
-16.2246 0
-16.2188 0
-16.2129 0
-16.207 0
-16.2012 0
-16.1953 0
-16.1895 0
-16.1836 0
-16.1777 0
-16.1719 0
-16.166 0
-16.1602 0
-16.1543 0
-16.1484 0
-16.1426 0
-16.1367 0
-16.1309 0
-16.125 0
-16.1191 0
-16.1133 0
-16.1074 0
-16.1016 0
-16.0957 0
-16.0898 0
-16.084 0
-16.0781 0
-16.0723 0
-16.0664 0
-16.0605 0
-16.0547 0
-16.0488 0
-16.043 0
-16.0371 0
-16.0312 0
-16.0254 0
-16.0195 0
-16.0137 0
-16.0078 0
-16.002 0
-15.9961 0
-15.9902 0
-15.9844 0
-15.9785 0
-15.9727 0
-15.9668 0
-15.9609 0
-15.9551 0
-15.9492 0
-15.9434 0
-15.9375 0
-15.9316 0
-15.9258 0
-15.9199 0
-15.9141 0
-15.9082 0
-15.9023 0
-15.8965 0
-15.8906 0
-15.8848 0
-15.8789 0
-15.873 0
-15.8672 0
-15.8613 0
-15.8555 0
-15.8496 0
-15.8438 0
-15.8379 0
-15.832 0
-15.8262 0
-15.8203 0
-15.8145 0
-15.8086 0
-15.8027 0
-15.7969 0
-15.791 0
-15.7852 0
-15.7793 0
-15.7734 0
-15.7676 0
-15.7617 0
-15.7559 0
-15.75 0
-15.7441 0
-15.7383 0
-15.7324 0
-15.7266 0
-15.7207 0
-15.7148 0
-15.709 0
-15.7031 0
-15.6973 0
-15.6914 0
-15.6855 0
-15.6797 0
-15.6738 0
-15.668 0
-15.6621 0
-15.6562 0
-15.6504 0
-15.6445 0
-15.6387 0
-15.6328 0
-15.627 0
-15.6211 0
-15.6152 0
-15.6094 0
-15.6035 0
-15.5977 0
-15.5918 0
-15.5859 0
-15.5801 0
-15.5742 0
-15.5684 0
-15.5625 0
-15.5566 0
-15.5508 0
-15.5449 0
-15.5391 0
-15.5332 0
-15.5273 0
-15.5215 0
-15.5156 0
-15.5098 0
-15.5039 0
-15.498 0
-15.4922 0
-15.4863 0
-15.4805 0
-15.4746 0
-15.4688 0
-15.4629 0
-15.457 0
-15.4512 0
-15.4453 0
-15.4395 0
-15.4336 0
-15.4277 0
-15.4219 0
-15.416 0
-15.4102 0
-15.4043 0
-15.3984 0
-15.3926 0
-15.3867 0
-15.3809 0
-15.375 0
-15.3691 0
-15.3633 0
-15.3574 0
-15.3516 0
-15.3457 0
-15.3398 0
-15.334 0
-15.3281 0
-15.3223 0
-15.3164 0
-15.3105 0
-15.3047 0
-15.2988 0
-15.293 0
-15.2871 0
-15.2812 0
-15.2754 0
-15.2695 0
-15.2637 0
-15.2578 0
-15.252 0
-15.2461 0
-15.2402 0
-15.2344 0
-15.2285 0
-15.2227 0
-15.2168 0
-15.2109 0
-15.2051 0
-15.1992 0
-15.1934 0
-15.1875 0
-15.1816 0
-15.1758 0
-15.1699 0
-15.1641 0
-15.1582 0
-15.1523 0
-15.1465 0
-15.1406 0
-15.1348 0
-15.1289 0
-15.123 0
-15.1172 0
-15.1113 0
-15.1055 0
-15.0996 0
-15.0938 0
-15.0879 0
-15.082 0
-15.0762 0
-15.0703 0
-15.0645 0
-15.0586 0
-15.0527 0
-15.0469 0
-15.041 0
-15.0352 0
-15.0293 0
-15.0234 0
-15.0176 0
-15.0117 0
-15.0059 0
-15 0
-14.9941 0
-14.9883 0
-14.9824 0
-14.9766 0
-14.9707 0
-14.9648 0
-14.959 0
-14.9531 0
-14.9473 0
-14.9414 0
-14.9355 0
-14.9297 0
-14.9238 0
-14.918 0
-14.9121 0
-14.9062 0
-14.9004 0
-14.8945 0
-14.8887 0
-14.8828 0
-14.877 0
-14.8711 0
-14.8652 0
-14.8594 0
-14.8535 0
-14.8477 0
-14.8418 0
-14.8359 0
-14.8301 0
-14.8242 0
-14.8184 0
-14.8125 0
-14.8066 0
-14.8008 0
-14.7949 0
-14.7891 0
-14.7832 0
-14.7773 0
-14.7715 0
-14.7656 0
-14.7598 0
-14.7539 0
-14.748 0
-14.7422 0
-14.7363 0
-14.7305 0
-14.7246 0
-14.7188 0
-14.7129 0
-14.707 0
-14.7012 0
-14.6953 0
-14.6895 0
-14.6836 0
-14.6777 0
-14.6719 0
-14.666 0
-14.6602 0
-14.6543 0
-14.6484 0
-14.6426 0
-14.6367 0
-14.6309 0
-14.625 0
-14.6191 0
-14.6133 0
-14.6074 0
-14.6016 0
-14.5957 0
-14.5898 0
-14.584 0
-14.5781 0
-14.5723 0
-14.5664 0
-14.5605 0
-14.5547 0
-14.5488 0
-14.543 0
-14.5371 0
-14.5312 0
-14.5254 0
-14.5195 0
-14.5137 0
-14.5078 0
-14.502 0
-14.4961 0
-14.4902 0
-14.4844 0
-14.4785 0
-14.4727 0
-14.4668 0
-14.4609 0
-14.4551 0
-14.4492 0
-14.4434 0
-14.4375 0
-14.4316 0
-14.4258 0
-14.4199 0
-14.4141 0
-14.4082 0
-14.4023 0
-14.3965 0
-14.3906 0
-14.3848 0
-14.3789 0
-14.373 0
-14.3672 0
-14.3613 0
-14.3555 0
-14.3496 0
-14.3438 0
-14.3379 0
-14.332 0
-14.3262 0
-14.3203 0
-14.3145 0
-14.3086 0
-14.3027 0
-14.2969 0
-14.291 0
-14.2852 0
-14.2793 0
-14.2734 0
-14.2676 0
-14.2617 0
-14.2559 0
-14.25 0
-14.2441 0
-14.2383 0
-14.2324 0
-14.2266 0
-14.2207 0
-14.2148 0
-14.209 0
-14.2031 0
-14.1973 0
-14.1914 0
-14.1855 0
-14.1797 0
-14.1738 0
-14.168 0
-14.1621 0
-14.1562 0
-14.1504 0
-14.1445 0
-14.1387 0
-14.1328 0
-14.127 0
-14.1211 0
-14.1152 0
-14.1094 0
-14.1035 0
-14.0977 0
-14.0918 0
-14.0859 0
-14.0801 0
-14.0742 0
-14.0684 0
-14.0625 0
-14.0566 0
-14.0508 0
-14.0449 0
-14.0391 0
-14.0332 0
-14.0273 0
-14.0215 0
-14.0156 0
-14.0098 0
-14.0039 0
-13.998 0
-13.9922 0
-13.9863 0
-13.9805 0
-13.9746 0
-13.9688 0
-13.9629 0
-13.957 0
-13.9512 0
-13.9453 0
-13.9395 0
-13.9336 0
-13.9277 0
-13.9219 0
-13.916 0
-13.9102 0
-13.9043 0
-13.8984 0
-13.8926 0
-13.8867 0
-13.8809 0
-13.875 0
-13.8691 0
-13.8633 0
-13.8574 0
-13.8516 0
-13.8457 0
-13.8398 0
-13.834 0
-13.8281 0
-13.8223 0
-13.8164 0
-13.8105 0
-13.8047 0
-13.7988 0
-13.793 0
-13.7871 0
-13.7812 0
-13.7754 0
-13.7695 0
-13.7637 0
-13.7578 0
-13.752 0
-13.7461 0
-13.7402 0
-13.7344 0
-13.7285 0
-13.7227 0
-13.7168 0
-13.7109 0
-13.7051 0
-13.6992 0
-13.6934 0
-13.6875 0
-13.6816 0
-13.6758 0
-13.6699 0
-13.6641 0
-13.6582 0
-13.6523 0
-13.6465 0
-13.6406 0
-13.6348 0
-13.6289 0
-13.623 0
-13.6172 0
-13.6113 0
-13.6055 0
-13.5996 0
-13.5938 0
-13.5879 0
-13.582 0
-13.5762 0
-13.5703 0
-13.5645 0
-13.5586 0
-13.5527 0
-13.5469 0
-13.541 0
-13.5352 0
-13.5293 0
-13.5234 0
-13.5176 0
-13.5117 0
-13.5059 0
-13.5 0
-13.4941 0
-13.4883 0
-13.4824 0
-13.4766 0
-13.4707 0
-13.4648 0
-13.459 0
-13.4531 0
-13.4473 0
-13.4414 0
-13.4355 0
-13.4297 0
-13.4238 0
-13.418 0
-13.4121 0
-13.4062 0
-13.4004 0
-13.3945 0
-13.3887 0
-13.3828 0
-13.377 0
-13.3711 0
-13.3652 0
-13.3594 0
-13.3535 0
-13.3477 0
-13.3418 0
-13.3359 0
-13.3301 0
-13.3242 0
-13.3184 0
-13.3125 0
-13.3066 0
-13.3008 0
-13.2949 0
-13.2891 0
-13.2832 0
-13.2773 0
-13.2715 0
-13.2656 0
-13.2598 0
-13.2539 0
-13.248 0
-13.2422 0
-13.2363 0
-13.2305 0
-13.2246 0
-13.2188 0
-13.2129 0
-13.207 0
-13.2012 0
-13.1953 0
-13.1895 0
-13.1836 0
-13.1777 0
-13.1719 0
-13.166 0
-13.1602 0
-13.1543 0
-13.1484 0
-13.1426 0
-13.1367 0
-13.1309 0
-13.125 0
-13.1191 0
-13.1133 0
-13.1074 0
-13.1016 0
-13.0957 0
-13.0898 0
-13.084 0
-13.0781 0
-13.0723 0
-13.0664 0
-13.0605 0
-13.0547 0
-13.0488 0
-13.043 0
-13.0371 0
-13.0312 0
-13.0254 0
-13.0195 0
-13.0137 0
-13.0078 0
-13.002 0
-12.9961 0
-12.9902 0
-12.9844 0
-12.9785 0
-12.9727 0
-12.9668 0
-12.9609 0
-12.9551 0
-12.9492 0
-12.9434 0
-12.9375 0
-12.9316 0
-12.9258 0
-12.9199 0
-12.9141 0
-12.9082 0
-12.9023 0
-12.8965 0
-12.8906 0
-12.8848 0
-12.8789 0
-12.873 0
-12.8672 0
-12.8613 0
-12.8555 0
-12.8496 0
-12.8438 0
-12.8379 0
-12.832 0
-12.8262 0
-12.8203 0
-12.8145 0
-12.8086 0
-12.8027 0
-12.7969 0
-12.791 0
-12.7852 0
-12.7793 0
-12.7734 0
-12.7676 0
-12.7617 0
-12.7559 0
-12.75 0
-12.7441 0
-12.7383 0
-12.7324 0
-12.7266 0
-12.7207 0
-12.7148 0
-12.709 0
-12.7031 0
-12.6973 0
-12.6914 0
-12.6855 0
-12.6797 0
-12.6738 0
-12.668 0
-12.6621 0
-12.6562 0
-12.6504 0
-12.6445 0
-12.6387 0
-12.6328 0
-12.627 0
-12.6211 0
-12.6152 0
-12.6094 0
-12.6035 0
-12.5977 0
-12.5918 0
-12.5859 0
-12.5801 0
-12.5742 0
-12.5684 0
-12.5625 0
-12.5566 0
-12.5508 0
-12.5449 0
-12.5391 0
-12.5332 0
-12.5273 0
-12.5215 0
-12.5156 0
-12.5098 0
-12.5039 0
-12.498 0
-12.4922 0
-12.4863 0
-12.4805 0
-12.4746 0
-12.4688 0
-12.4629 0
-12.457 0
-12.4512 0
-12.4453 0
-12.4395 0
-12.4336 0
-12.4277 0
-12.4219 0
-12.416 0
-12.4102 0
-12.4043 0
-12.3984 0
-12.3926 0
-12.3867 0
-12.3809 0
-12.375 0
-12.3691 0
-12.3633 0
-12.3574 0
-12.3516 0
-12.3457 0
-12.3398 0
-12.334 0
-12.3281 0
-12.3223 0
-12.3164 0
-12.3105 0
-12.3047 0
-12.2988 0
-12.293 0
-12.2871 0
-12.2812 0
-12.2754 0
-12.2695 0
-12.2637 0
-12.2578 0
-12.252 0
-12.2461 0
-12.2402 0
-12.2344 0
-12.2285 0
-12.2227 0
-12.2168 0
-12.2109 0
-12.2051 0
-12.1992 0
-12.1934 0
-12.1875 0
-12.1816 0
-12.1758 0
-12.1699 0
-12.1641 0
-12.1582 0
-12.1523 0
-12.1465 0
-12.1406 0
-12.1348 0
-12.1289 0
-12.123 0
-12.1172 0
-12.1113 0
-12.1055 0
-12.0996 0
-12.0938 0
-12.0879 0
-12.082 0
-12.0762 0
-12.0703 0
-12.0645 0
-12.0586 0
-12.0527 0
-12.0469 0
-12.041 0
-12.0352 0
-12.0293 0
-12.0234 0
-12.0176 0
-12.0117 0
-12.0059 0
-12 0
-11.9941 0
-11.9883 0
-11.9824 0
-11.9766 0
-11.9707 0
-11.9648 0
-11.959 0
-11.9531 0
-11.9473 0
-11.9414 0
-11.9355 0
-11.9297 0
-11.9238 0
-11.918 0
-11.9121 0
-11.9062 0
-11.9004 0
-11.8945 0
-11.8887 0
-11.8828 0
-11.877 0
-11.8711 0
-11.8652 0
-11.8594 0
-11.8535 0
-11.8477 0
-11.8418 0
-11.8359 0
-11.8301 0
-11.8242 0
-11.8184 0
-11.8125 0
-11.8066 0
-11.8008 0
-11.7949 0
-11.7891 0
-11.7832 0
-11.7773 0
-11.7715 0
-11.7656 0
-11.7598 0
-11.7539 0
-11.748 0
-11.7422 0
-11.7363 0
-11.7305 0
-11.7246 0
-11.7188 0
-11.7129 0
-11.707 0
-11.7012 0
-11.6953 0
-11.6895 0
-11.6836 0
-11.6777 0
-11.6719 0
-11.666 0
-11.6602 0
-11.6543 0
-11.6484 0
-11.6426 0
-11.6367 0
-11.6309 0
-11.625 0
-11.6191 0
-11.6133 0
-11.6074 0
-11.6016 0
-11.5957 0
-11.5898 0
-11.584 0
-11.5781 0
-11.5723 0
-11.5664 0
-11.5605 0
-11.5547 0
-11.5488 0
-11.543 0
-11.5371 0
-11.5312 0
-11.5254 0
-11.5195 0
-11.5137 0
-11.5078 0
-11.502 0
-11.4961 0
-11.4902 0
-11.4844 0
-11.4785 0
-11.4727 0
-11.4668 0
-11.4609 0
-11.4551 0
-11.4492 0
-11.4434 0
-11.4375 0
-11.4316 0
-11.4258 0
-11.4199 0
-11.4141 0
-11.4082 0
-11.4023 0
-11.3965 0
-11.3906 0
-11.3848 0
-11.3789 0
-11.373 0
-11.3672 0
-11.3613 0
-11.3555 0
-11.3496 0
-11.3438 0
-11.3379 0
-11.332 0
-11.3262 0
-11.3203 0
-11.3145 0
-11.3086 0
-11.3027 0
-11.2969 0
-11.291 0
-11.2852 0
-11.2793 0
-11.2734 0
-11.2676 0
-11.2617 0
-11.2559 0
-11.25 0
-11.2441 0
-11.2383 0
-11.2324 0
-11.2266 0
-11.2207 0
-11.2148 0
-11.209 0
-11.2031 0
-11.1973 0
-11.1914 0
-11.1855 0
-11.1797 0
-11.1738 0
-11.168 0
-11.1621 0
-11.1562 0
-11.1504 0
-11.1445 0
-11.1387 0
-11.1328 0
-11.127 0
-11.1211 0
-11.1152 0
-11.1094 0
-11.1035 0
-11.0977 0
-11.0918 0
-11.0859 0
-11.0801 0
-11.0742 0
-11.0684 0
-11.0625 0
-11.0566 0
-11.0508 0
-11.0449 0
-11.0391 0
-11.0332 0
-11.0273 0
-11.0215 0
-11.0156 0
-11.0098 0
-11.0039 0
-10.998 0
-10.9922 0
-10.9863 0
-10.9805 0
-10.9746 0
-10.9688 0
-10.9629 0
-10.957 0
-10.9512 0
-10.9453 0
-10.9395 0
-10.9336 0
-10.9277 0
-10.9219 0
-10.916 0
-10.9102 0
-10.9043 0
-10.8984 0
-10.8926 0
-10.8867 0
-10.8809 0
-10.875 0
-10.8691 0
-10.8633 0
-10.8574 0
-10.8516 0
-10.8457 0
-10.8398 0
-10.834 0
-10.8281 0
-10.8223 0
-10.8164 0
-10.8105 0
-10.8047 0
-10.7988 0
-10.793 0
-10.7871 0
-10.7812 0
-10.7754 0
-10.7695 0
-10.7637 0
-10.7578 0
-10.752 0
-10.7461 0
-10.7402 0
-10.7344 0
-10.7285 0
-10.7227 0
-10.7168 0
-10.7109 0
-10.7051 0
-10.6992 0
-10.6934 0
-10.6875 0
-10.6816 0
-10.6758 0
-10.6699 0
-10.6641 0
-10.6582 0
-10.6523 0
-10.6465 0
-10.6406 0
-10.6348 0
-10.6289 0
-10.623 0
-10.6172 0
-10.6113 0
-10.6055 0
-10.5996 0
-10.5938 0
-10.5879 0
-10.582 0
-10.5762 0
-10.5703 0
-10.5645 0
-10.5586 0
-10.5527 0
-10.5469 0
-10.541 0
-10.5352 0
-10.5293 0
-10.5234 0
-10.5176 0
-10.5117 0
-10.5059 0
-10.5 0
-10.4941 0
-10.4883 0
-10.4824 0
-10.4766 0
-10.4707 0
-10.4648 0
-10.459 0
-10.4531 0
-10.4473 0
-10.4414 0
-10.4355 0
-10.4297 0
-10.4238 0
-10.418 0
-10.4121 0
-10.4062 0
-10.4004 0
-10.3945 0
-10.3887 0
-10.3828 0
-10.377 0
-10.3711 0
-10.3652 0
-10.3594 0
-10.3535 0
-10.3477 0
-10.3418 0
-10.3359 0
-10.3301 0
-10.3242 0
-10.3184 0
-10.3125 0
-10.3066 0
-10.3008 0
-10.2949 0
-10.2891 0
-10.2832 0
-10.2773 0
-10.2715 0
-10.2656 0
-10.2598 0
-10.2539 0
-10.248 0
-10.2422 0
-10.2363 0
-10.2305 0
-10.2246 0
-10.2188 0
-10.2129 0
-10.207 0
-10.2012 0
-10.1953 0
-10.1895 0
-10.1836 0
-10.1777 0
-10.1719 0
-10.166 0
-10.1602 0
-10.1543 0
-10.1484 0
-10.1426 0
-10.1367 0
-10.1309 0
-10.125 0
-10.1191 0
-10.1133 0
-10.1074 0
-10.1016 0
-10.0957 0
-10.0898 0
-10.084 0
-10.0781 0
-10.0723 0
-10.0664 0
-10.0605 0
-10.0547 0
-10.0488 0
-10.043 0
-10.0371 0
-10.0312 0
-10.0254 0
-10.0195 0
-10.0137 0
-10.0078 0
-10.002 0
-9.99609 0
-9.99023 0
-9.98438 0
-9.97852 0
-9.97266 0
-9.9668 0
-9.96094 0
-9.95508 0
-9.94922 0
-9.94336 0
-9.9375 0
-9.93164 0
-9.92578 0
-9.91992 0
-9.91406 0
-9.9082 0
-9.90234 0
-9.89648 0
-9.89062 0
-9.88477 0
-9.87891 0
-9.87305 0
-9.86719 0
-9.86133 0
-9.85547 0
-9.84961 0
-9.84375 0
-9.83789 0
-9.83203 0
-9.82617 0
-9.82031 0
-9.81445 0
-9.80859 0
-9.80273 0
-9.79688 0
-9.79102 0
-9.78516 0
-9.7793 0
-9.77344 0
-9.76758 0
-9.76172 0
-9.75586 0
-9.75 0
-9.74414 0
-9.73828 0
-9.73242 0
-9.72656 0
-9.7207 0
-9.71484 0
-9.70898 0
-9.70312 0
-9.69727 0
-9.69141 0
-9.68555 0
-9.67969 0
-9.67383 0
-9.66797 0
-9.66211 0
-9.65625 0
-9.65039 0
-9.64453 0
-9.63867 0
-9.63281 0
-9.62695 0
-9.62109 0
-9.61523 0
-9.60938 0
-9.60352 0
-9.59766 0
-9.5918 0
-9.58594 0
-9.58008 0
-9.57422 0
-9.56836 0
-9.5625 0
-9.55664 0
-9.55078 0
-9.54492 0
-9.53906 0
-9.5332 0
-9.52734 0
-9.52148 0
-9.51562 0
-9.50977 0
-9.50391 0
-9.49805 0
-9.49219 0
-9.48633 0
-9.48047 0
-9.47461 0
-9.46875 0
-9.46289 0
-9.45703 0
-9.45117 0
-9.44531 0
-9.43945 0
-9.43359 0
-9.42773 0
-9.42188 0
-9.41602 0
-9.41016 0
-9.4043 0
-9.39844 0
-9.39258 0
-9.38672 0
-9.38086 0
-9.375 0
-9.36914 0
-9.36328 0
-9.35742 0
-9.35156 0
-9.3457 0
-9.33984 0
-9.33398 0
-9.32812 0
-9.32227 0
-9.31641 0
-9.31055 0
-9.30469 0
-9.29883 0
-9.29297 0
-9.28711 0
-9.28125 0
-9.27539 0
-9.26953 0
-9.26367 0
-9.25781 0
-9.25195 0
-9.24609 0
-9.24023 0
-9.23438 0
-9.22852 0
-9.22266 0
-9.2168 0
-9.21094 0
-9.20508 0
-9.19922 0
-9.19336 0
-9.1875 0
-9.18164 0
-9.17578 0
-9.16992 0
-9.16406 0
-9.1582 0
-9.15234 0
-9.14648 0
-9.14062 0
-9.13477 0
-9.12891 0
-9.12305 0
-9.11719 0
-9.11133 0
-9.10547 0
-9.09961 0
-9.09375 0
-9.08789 0
-9.08203 0
-9.07617 0
-9.07031 0
-9.06445 0
-9.05859 0
-9.05273 0
-9.04688 0
-9.04102 0
-9.03516 0
-9.0293 0
-9.02344 0
-9.01758 0
-9.01172 0
-9.00586 0
-9 0
-8.99414 0
-8.98828 0
-8.98242 0
-8.97656 0
-8.9707 0
-8.96484 0
-8.95898 0
-8.95312 0
-8.94727 0
-8.94141 0
-8.93555 0
-8.92969 0
-8.92383 0
-8.91797 0
-8.91211 0
-8.90625 0
-8.90039 0
-8.89453 0
-8.88867 0
-8.88281 0
-8.87695 0
-8.87109 0
-8.86523 0
-8.85938 0
-8.85352 0
-8.84766 0
-8.8418 0
-8.83594 0
-8.83008 0
-8.82422 0
-8.81836 0
-8.8125 0
-8.80664 0
-8.80078 0
-8.79492 0
-8.78906 0
-8.7832 0
-8.77734 0
-8.77148 0
-8.76562 0
-8.75977 0
-8.75391 0
-8.74805 0
-8.74219 0
-8.73633 0
-8.73047 0
-8.72461 0
-8.71875 0
-8.71289 0
-8.70703 0
-8.70117 0
-8.69531 0
-8.68945 0
-8.68359 0
-8.67773 0
-8.67188 0
-8.66602 0
-8.66016 0
-8.6543 0
-8.64844 0
-8.64258 0
-8.63672 0
-8.63086 0
-8.625 0
-8.61914 0
-8.61328 0
-8.60742 0
-8.60156 0
-8.5957 0
-8.58984 0
-8.58398 0
-8.57812 0
-8.57227 0
-8.56641 0
-8.56055 0
-8.55469 0
-8.54883 0
-8.54297 0
-8.53711 0
-8.53125 0
-8.52539 0
-8.51953 0
-8.51367 0
-8.50781 0
-8.50195 0
-8.49609 0
-8.49023 0
-8.48438 0
-8.47852 0
-8.47266 0
-8.4668 0
-8.46094 0
-8.45508 0
-8.44922 0
-8.44336 0
-8.4375 0
-8.43164 0
-8.42578 0
-8.41992 0
-8.41406 0
-8.4082 0
-8.40234 0
-8.39648 0
-8.39062 0
-8.38477 0
-8.37891 0
-8.37305 0
-8.36719 0
-8.36133 0
-8.35547 0
-8.34961 0
-8.34375 0
-8.33789 0
-8.33203 0
-8.32617 0
-8.32031 0
-8.31445 0
-8.30859 0
-8.30273 0
-8.29688 0
-8.29102 0
-8.28516 0
-8.2793 0
-8.27344 0
-8.26758 0
-8.26172 0
-8.25586 0
-8.25 0
-8.24414 0
-8.23828 0
-8.23242 0
-8.22656 0
-8.2207 0
-8.21484 0
-8.20898 0
-8.20312 0
-8.19727 0
-8.19141 0
-8.18555 0
-8.17969 0
-8.17383 0
-8.16797 0
-8.16211 0
-8.15625 0
-8.15039 0
-8.14453 0
-8.13867 0
-8.13281 0
-8.12695 0
-8.12109 0
-8.11523 0
-8.10938 0
-8.10352 0
-8.09766 0
-8.0918 0
-8.08594 0
-8.08008 0
-8.07422 0
-8.06836 0
-8.0625 0
-8.05664 0
-8.05078 0
-8.04492 0
-8.03906 0
-8.0332 0
-8.02734 0
-8.02148 0
-8.01562 0
-8.00977 0
-8.00391 0
-7.99805 0
-7.99219 0
-7.98633 0
-7.98047 0
-7.97461 0
-7.96875 0
-7.96289 0
-7.95703 0
-7.95117 0
-7.94531 0
-7.93945 0
-7.93359 0
-7.92773 0
-7.92188 0
-7.91602 0
-7.91016 0
-7.9043 0
-7.89844 0
-7.89258 0
-7.88672 0
-7.88086 0
-7.875 0
-7.86914 0
-7.86328 0
-7.85742 0
-7.85156 0
-7.8457 0
-7.83984 0
-7.83398 0
-7.82812 0
-7.82227 0
-7.81641 0
-7.81055 0
-7.80469 0
-7.79883 0
-7.79297 0
-7.78711 0
-7.78125 0
-7.77539 0
-7.76953 0
-7.76367 0
-7.75781 0
-7.75195 0
-7.74609 0
-7.74023 0
-7.73438 0
-7.72852 0
-7.72266 0
-7.7168 0
-7.71094 0
-7.70508 0
-7.69922 0
-7.69336 0
-7.6875 0
-7.68164 0
-7.67578 0
-7.66992 0
-7.66406 0
-7.6582 0
-7.65234 0
-7.64648 0
-7.64062 0
-7.63477 0
-7.62891 0
-7.62305 0
-7.61719 0
-7.61133 0
-7.60547 0
-7.59961 0
-7.59375 0
-7.58789 0
-7.58203 0
-7.57617 0
-7.57031 0
-7.56445 0
-7.55859 0
-7.55273 0
-7.54688 0
-7.54102 0
-7.53516 0
-7.5293 0
-7.52344 0
-7.51758 0
-7.51172 0
-7.50586 0
-7.5 0
-7.49414 0
-7.48828 0
-7.48242 0
-7.47656 0
-7.4707 0
-7.46484 0
-7.45898 0
-7.45312 0
-7.44727 0
-7.44141 0
-7.43555 0
-7.42969 0
-7.42383 0
-7.41797 0
-7.41211 0
-7.40625 0
-7.40039 0
-7.39453 0
-7.38867 0
-7.38281 0
-7.37695 0
-7.37109 0
-7.36523 0
-7.35938 0
-7.35352 0
-7.34766 0
-7.3418 0
-7.33594 0
-7.33008 0
-7.32422 0
-7.31836 0
-7.3125 0
-7.30664 0
-7.30078 0
-7.29492 0
-7.28906 0
-7.2832 0
-7.27734 0
-7.27148 0
-7.26562 0
-7.25977 0
-7.25391 0
-7.24805 0
-7.24219 0
-7.23633 0
-7.23047 0
-7.22461 0
-7.21875 0
-7.21289 0
-7.20703 0
-7.20117 0
-7.19531 0
-7.18945 0
-7.18359 0
-7.17773 0
-7.17188 0
-7.16602 0
-7.16016 0
-7.1543 0
-7.14844 0
-7.14258 0
-7.13672 0
-7.13086 0
-7.125 0
-7.11914 0
-7.11328 0
-7.10742 0
-7.10156 0
-7.0957 0
-7.08984 0
-7.08398 0
-7.07812 0
-7.07227 0
-7.06641 0
-7.06055 0
-7.05469 0
-7.04883 0
-7.04297 0
-7.03711 0
-7.03125 0
-7.02539 0
-7.01953 0
-7.01367 0
-7.00781 0
-7.00195 0
-6.99609 0
-6.99023 0
-6.98438 0
-6.97852 0
-6.97266 0
-6.9668 0
-6.96094 0
-6.95508 0
-6.94922 0
-6.94336 0
-6.9375 0
-6.93164 0
-6.92578 0
-6.91992 0
-6.91406 0
-6.9082 0
-6.90234 0
-6.89648 0
-6.89062 0
-6.88477 0
-6.87891 0
-6.87305 0
-6.86719 0
-6.86133 0
-6.85547 0
-6.84961 0
-6.84375 0
-6.83789 0
-6.83203 0
-6.82617 0
-6.82031 0
-6.81445 0
-6.80859 0
-6.80273 0
-6.79688 0
-6.79102 0
-6.78516 0
-6.7793 0
-6.77344 0
-6.76758 0
-6.76172 0
-6.75586 0
-6.75 0
-6.74414 0
-6.73828 0
-6.73242 0
-6.72656 0
-6.7207 0
-6.71484 0
-6.70898 0
-6.70312 0
-6.69727 0
-6.69141 0
-6.68555 0
-6.67969 0
-6.67383 0
-6.66797 0
-6.66211 0
-6.65625 0
-6.65039 0
-6.64453 0
-6.63867 0
-6.63281 0
-6.62695 0
-6.62109 0
-6.61523 0
-6.60938 0
-6.60352 0
-6.59766 0
-6.5918 0
-6.58594 0
-6.58008 0
-6.57422 0
-6.56836 0
-6.5625 0
-6.55664 0
-6.55078 0
-6.54492 0
-6.53906 0
-6.5332 0
-6.52734 0
-6.52148 0
-6.51562 0
-6.50977 0
-6.50391 0
-6.49805 0
-6.49219 0
-6.48633 0
-6.48047 0
-6.47461 0
-6.46875 0
-6.46289 0
-6.45703 0
-6.45117 0
-6.44531 0
-6.43945 0
-6.43359 0
-6.42773 0
-6.42188 0
-6.41602 0
-6.41016 0
-6.4043 0
-6.39844 0
-6.39258 0
-6.38672 0
-6.38086 0
-6.375 0
-6.36914 0
-6.36328 0
-6.35742 0
-6.35156 0
-6.3457 0
-6.33984 0
-6.33398 0
-6.32812 0
-6.32227 0
-6.31641 0
-6.31055 0
-6.30469 0
-6.29883 0
-6.29297 0
-6.28711 0
-6.28125 0
-6.27539 0
-6.26953 0
-6.26367 0
-6.25781 0
-6.25195 0
-6.24609 0
-6.24023 0
-6.23438 0
-6.22852 0
-6.22266 0
-6.2168 0
-6.21094 0
-6.20508 0
-6.19922 0
-6.19336 0
-6.1875 0
-6.18164 0
-6.17578 0
-6.16992 0
-6.16406 0
-6.1582 0
-6.15234 0
-6.14648 0
-6.14062 0
-6.13477 0
-6.12891 0
-6.12305 0
-6.11719 0
-6.11133 0
-6.10547 0
-6.09961 0
-6.09375 0
-6.08789 0
-6.08203 0
-6.07617 0
-6.07031 0
-6.06445 0
-6.05859 0
-6.05273 0
-6.04688 0
-6.04102 0
-6.03516 0
-6.0293 0
-6.02344 0
-6.01758 0
-6.01172 0
-6.00586 0
-6 0
-5.99414 0
-5.98828 0
-5.98242 0
-5.97656 0
-5.9707 0
-5.96484 0
-5.95898 0
-5.95312 0
-5.94727 0
-5.94141 0
-5.93555 0
-5.92969 0
-5.92383 0
-5.91797 0
-5.91211 0
-5.90625 0
-5.90039 0
-5.89453 0
-5.88867 0
-5.88281 0
-5.87695 0
-5.87109 0
-5.86523 0
-5.85938 0
-5.85352 0
-5.84766 0
-5.8418 0
-5.83594 0
-5.83008 0
-5.82422 0
-5.81836 0
-5.8125 0
-5.80664 0
-5.80078 0
-5.79492 0
-5.78906 0
-5.7832 0
-5.77734 0
-5.77148 0
-5.76562 0
-5.75977 0
-5.75391 0
-5.74805 0
-5.74219 0
-5.73633 0
-5.73047 0
-5.72461 0
-5.71875 0
-5.71289 0
-5.70703 0
-5.70117 0
-5.69531 0
-5.68945 0
-5.68359 0
-5.67773 0
-5.67188 0
-5.66602 0
-5.66016 0
-5.6543 0
-5.64844 0
-5.64258 0
-5.63672 0
-5.63086 0
-5.625 0
-5.61914 0
-5.61328 0
-5.60742 0
-5.60156 0
-5.5957 0
-5.58984 0
-5.58398 0
-5.57812 0
-5.57227 0
-5.56641 0
-5.56055 0
-5.55469 0
-5.54883 0
-5.54297 0
-5.53711 0
-5.53125 0
-5.52539 0
-5.51953 0
-5.51367 0
-5.50781 0
-5.50195 0
-5.49609 0
-5.49023 0
-5.48438 0
-5.47852 0
-5.47266 0
-5.4668 0
-5.46094 0
-5.45508 0
-5.44922 0
-5.44336 0
-5.4375 0
-5.43164 0
-5.42578 0
-5.41992 0
-5.41406 0
-5.4082 0
-5.40234 0
-5.39648 0
-5.39062 0
-5.38477 0
-5.37891 0
-5.37305 0
-5.36719 0
-5.36133 0
-5.35547 0
-5.34961 0
-5.34375 0
-5.33789 0
-5.33203 0
-5.32617 0
-5.32031 0
-5.31445 0
-5.30859 0
-5.30273 0
-5.29688 0
-5.29102 0
-5.28516 0
-5.2793 0
-5.27344 0
-5.26758 0
-5.26172 0
-5.25586 0
-5.25 0
-5.24414 0
-5.23828 0
-5.23242 0
-5.22656 0
-5.2207 0
-5.21484 0
-5.20898 0
-5.20312 0
-5.19727 0
-5.19141 0
-5.18555 0
-5.17969 0
-5.17383 0
-5.16797 0
-5.16211 0
-5.15625 0
-5.15039 0
-5.14453 0
-5.13867 0
-5.13281 0
-5.12695 0
-5.12109 0
-5.11523 0
-5.10938 0
-5.10352 0
-5.09766 0
-5.0918 0
-5.08594 0
-5.08008 0
-5.07422 0
-5.06836 0
-5.0625 0
-5.05664 0
-5.05078 0
-5.04492 0
-5.03906 0
-5.0332 0
-5.02734 0
-5.02148 0
-5.01562 0
-5.00977 0
-5.00391 0
-4.99805 0
-4.99219 0
-4.98633 0
-4.98047 0
-4.97461 0
-4.96875 0
-4.96289 0
-4.95703 0
-4.95117 0
-4.94531 0
-4.93945 0
-4.93359 0
-4.92773 0
-4.92188 0
-4.91602 0
-4.91016 0
-4.9043 0
-4.89844 0
-4.89258 0
-4.88672 0
-4.88086 0
-4.875 0
-4.86914 0
-4.86328 0
-4.85742 0
-4.85156 0
-4.8457 0
-4.83984 0
-4.83398 0
-4.82812 0
-4.82227 0
-4.81641 0
-4.81055 0
-4.80469 0
-4.79883 0
-4.79297 0
-4.78711 0
-4.78125 0
-4.77539 0
-4.76953 0
-4.76367 0
-4.75781 0
-4.75195 0
-4.74609 0
-4.74023 0
-4.73438 0
-4.72852 0
-4.72266 0
-4.7168 0
-4.71094 0
-4.70508 0
-4.69922 0
-4.69336 0
-4.6875 0
-4.68164 0
-4.67578 0
-4.66992 0
-4.66406 0
-4.6582 0
-4.65234 0
-4.64648 0
-4.64062 0
-4.63477 0
-4.62891 0
-4.62305 0
-4.61719 0
-4.61133 0
-4.60547 0
-4.59961 0
-4.59375 0
-4.58789 0
-4.58203 0
-4.57617 0
-4.57031 0
-4.56445 0
-4.55859 0
-4.55273 0
-4.54688 0
-4.54102 0
-4.53516 0
-4.5293 0
-4.52344 0
-4.51758 0
-4.51172 0
-4.50586 0
-4.5 0
-4.49414 0
-4.48828 0
-4.48242 0
-4.47656 0
-4.4707 0
-4.46484 0
-4.45898 0
-4.45312 0
-4.44727 0
-4.44141 0
-4.43555 0
-4.42969 0
-4.42383 0
-4.41797 0
-4.41211 0
-4.40625 0
-4.40039 0
-4.39453 0
-4.38867 0
-4.38281 0
-4.37695 0
-4.37109 0
-4.36523 0
-4.35938 0
-4.35352 0
-4.34766 0
-4.3418 0
-4.33594 0
-4.33008 0
-4.32422 0
-4.31836 0
-4.3125 0
-4.30664 0
-4.30078 0
-4.29492 0
-4.28906 0
-4.2832 0
-4.27734 0
-4.27148 0
-4.26562 0
-4.25977 0
-4.25391 0
-4.24805 0
-4.24219 0
-4.23633 0
-4.23047 0
-4.22461 0
-4.21875 0
-4.21289 0
-4.20703 0
-4.20117 0
-4.19531 0
-4.18945 0
-4.18359 0
-4.17773 0
-4.17188 0
-4.16602 0
-4.16016 0
-4.1543 0
-4.14844 0
-4.14258 0
-4.13672 0
-4.13086 0
-4.125 0
-4.11914 0
-4.11328 0
-4.10742 0
-4.10156 0
-4.0957 0
-4.08984 0
-4.08398 0
-4.07812 0
-4.07227 0
-4.06641 0
-4.06055 0
-4.05469 0
-4.04883 0
-4.04297 0
-4.03711 0
-4.03125 0
-4.02539 0
-4.01953 0
-4.01367 0
-4.00781 0
-4.00195 0
-3.99609 0
-3.99023 0
-3.98438 0
-3.97852 0
-3.97266 0
-3.9668 0
-3.96094 0
-3.95508 0
-3.94922 0
-3.94336 0
-3.9375 0
-3.93164 0
-3.92578 0
-3.91992 0
-3.91406 0
-3.9082 0
-3.90234 0
-3.89648 0
-3.89062 0
-3.88477 0
-3.87891 0
-3.87305 0
-3.86719 0
-3.86133 0
-3.85547 0
-3.84961 0
-3.84375 0
-3.83789 0
-3.83203 0
-3.82617 0
-3.82031 0
-3.81445 0
-3.80859 0
-3.80273 0
-3.79688 0
-3.79102 0
-3.78516 0
-3.7793 0
-3.77344 0
-3.76758 0
-3.76172 0
-3.75586 0
-3.75 0
-3.74414 0
-3.73828 0
-3.73242 0
-3.72656 0
-3.7207 0
-3.71484 0
-3.70898 0
-3.70312 0
-3.69727 0
-3.69141 0
-3.68555 0
-3.67969 0
-3.67383 0
-3.66797 0
-3.66211 0
-3.65625 0
-3.65039 0
-3.64453 0
-3.63867 0
-3.63281 0
-3.62695 0
-3.62109 0
-3.61523 0
-3.60938 0
-3.60352 0
-3.59766 0
-3.5918 0
-3.58594 0
-3.58008 0
-3.57422 0
-3.56836 0
-3.5625 0
-3.55664 0
-3.55078 0
-3.54492 0
-3.53906 0
-3.5332 0
-3.52734 0
-3.52148 0
-3.51562 0
-3.50977 0
-3.50391 0
-3.49805 0
-3.49219 0
-3.48633 0
-3.48047 0
-3.47461 0
-3.46875 0
-3.46289 0
-3.45703 0
-3.45117 0
-3.44531 0
-3.43945 0
-3.43359 0
-3.42773 0
-3.42188 0
-3.41602 0
-3.41016 0
-3.4043 0
-3.39844 0
-3.39258 0
-3.38672 0
-3.38086 0
-3.375 0
-3.36914 0
-3.36328 0
-3.35742 0
-3.35156 0
-3.3457 0
-3.33984 0
-3.33398 0
-3.32812 0
-3.32227 0
-3.31641 0
-3.31055 0
-3.30469 0
-3.29883 0
-3.29297 0
-3.28711 0
-3.28125 0
-3.27539 0
-3.26953 0
-3.26367 0
-3.25781 0
-3.25195 0
-3.24609 0
-3.24023 0
-3.23438 0
-3.22852 0
-3.22266 0
-3.2168 0
-3.21094 0
-3.20508 0
-3.19922 0
-3.19336 0
-3.1875 0
-3.18164 0
-3.17578 0
-3.16992 0
-3.16406 0
-3.1582 0
-3.15234 0
-3.14648 0
-3.14062 0
-3.13477 0
-3.12891 0
-3.12305 0
-3.11719 0
-3.11133 0
-3.10547 0
-3.09961 0
-3.09375 0
-3.08789 0
-3.08203 0
-3.07617 0
-3.07031 0
-3.06445 0
-3.05859 0
-3.05273 0
-3.04688 0
-3.04102 0
-3.03516 0
-3.0293 0
-3.02344 0
-3.01758 0
-3.01172 0
-3.00586 0
-3 0
-2.99414 0
-2.98828 0
-2.98242 0
-2.97656 0
-2.9707 0
-2.96484 0
-2.95898 0
-2.95312 0
-2.94727 0
-2.94141 0
-2.93555 0
-2.92969 0
-2.92383 0
-2.91797 0
-2.91211 0
-2.90625 0
-2.90039 0
-2.89453 0
-2.88867 0
-2.88281 0
-2.87695 0
-2.87109 0
-2.86523 0
-2.85938 0
-2.85352 0
-2.84766 0
-2.8418 0
-2.83594 0
-2.83008 0
-2.82422 0
-2.81836 0
-2.8125 0
-2.80664 0
-2.80078 0
-2.79492 0
-2.78906 0
-2.7832 0
-2.77734 0
-2.77148 0
-2.76562 0
-2.75977 0
-2.75391 0
-2.74805 0
-2.74219 0
-2.73633 0
-2.73047 0
-2.72461 0
-2.71875 0
-2.71289 0
-2.70703 0
-2.70117 0
-2.69531 0
-2.68945 0
-2.68359 0
-2.67773 0
-2.67188 0
-2.66602 0
-2.66016 0
-2.6543 0
-2.64844 0
-2.64258 0
-2.63672 0
-2.63086 0
-2.625 0
-2.61914 0
-2.61328 0
-2.60742 0
-2.60156 0
-2.5957 0
-2.58984 0
-2.58398 0
-2.57812 0
-2.57227 0
-2.56641 0
-2.56055 0
-2.55469 0
-2.54883 0
-2.54297 0
-2.53711 0
-2.53125 0
-2.52539 0
-2.51953 0
-2.51367 0
-2.50781 0
-2.50195 0
-2.49609 0
-2.49023 0
-2.48438 0
-2.47852 0
-2.47266 0
-2.4668 0
-2.46094 0
-2.45508 0
-2.44922 0
-2.44336 0
-2.4375 0
-2.43164 0
-2.42578 0
-2.41992 0
-2.41406 0
-2.4082 0
-2.40234 0
-2.39648 0
-2.39062 0
-2.38477 0
-2.37891 0
-2.37305 0
-2.36719 0
-2.36133 0
-2.35547 0
-2.34961 0
-2.34375 0
-2.33789 0
-2.33203 0
-2.32617 0
-2.32031 0
-2.31445 0
-2.30859 0
-2.30273 0
-2.29688 0
-2.29102 0
-2.28516 0
-2.2793 0
-2.27344 0
-2.26758 0
-2.26172 0
-2.25586 0
-2.25 0
-2.24414 0
-2.23828 0
-2.23242 0
-2.22656 0
-2.2207 0
-2.21484 0
-2.20898 0
-2.20312 0
-2.19727 0
-2.19141 0
-2.18555 0
-2.17969 0
-2.17383 0
-2.16797 0
-2.16211 0
-2.15625 0
-2.15039 0
-2.14453 0
-2.13867 0
-2.13281 0
-2.12695 0
-2.12109 0
-2.11523 0
-2.10938 0
-2.10352 0
-2.09766 0
-2.0918 0
-2.08594 0
-2.08008 0
-2.07422 0
-2.06836 0
-2.0625 0
-2.05664 0
-2.05078 0
-2.04492 0
-2.03906 0
-2.0332 0
-2.02734 0
-2.02148 0
-2.01562 0
-2.00977 0
-2.00391 0
-1.99805 0
-1.99219 0
-1.98633 0
-1.98047 0
-1.97461 0
-1.96875 0
-1.96289 0
-1.95703 0
-1.95117 0
-1.94531 0
-1.93945 0
-1.93359 0
-1.92773 0
-1.92188 0
-1.91602 0
-1.91016 0
-1.9043 0
-1.89844 0
-1.89258 0
-1.88672 0
-1.88086 0
-1.875 0
-1.86914 0
-1.86328 0
-1.85742 0
-1.85156 0
-1.8457 0
-1.83984 0
-1.83398 0
-1.82812 0
-1.82227 0
-1.81641 0
-1.81055 0
-1.80469 0
-1.79883 0
-1.79297 0
-1.78711 0
-1.78125 0
-1.77539 0
-1.76953 0
-1.76367 0
-1.75781 0
-1.75195 0
-1.74609 0
-1.74023 0
-1.73438 0
-1.72852 0
-1.72266 0
-1.7168 0
-1.71094 0
-1.70508 0
-1.69922 0
-1.69336 0
-1.6875 0
-1.68164 0
-1.67578 0
-1.66992 0
-1.66406 0
-1.6582 0
-1.65234 0
-1.64648 0
-1.64062 0
-1.63477 0
-1.62891 0
-1.62305 0
-1.61719 0
-1.61133 0
-1.60547 0
-1.59961 0
-1.59375 0
-1.58789 0
-1.58203 0
-1.57617 0
-1.57031 0
-1.56445 0
-1.55859 0
-1.55273 0
-1.54688 0
-1.54102 0
-1.53516 0
-1.5293 0
-1.52344 0
-1.51758 0
-1.51172 0
-1.50586 0
-1.5 0
-1.49414 0
-1.48828 0
-1.48242 0
-1.47656 0
-1.4707 0
-1.46484 0
-1.45898 0
-1.45312 0
-1.44727 0
-1.44141 0
-1.43555 0
-1.42969 0
-1.42383 0
-1.41797 0
-1.41211 0
-1.40625 0
-1.40039 0
-1.39453 0
-1.38867 0
-1.38281 0
-1.37695 0
-1.37109 0
-1.36523 0
-1.35938 0
-1.35352 0
-1.34766 0
-1.3418 0
-1.33594 0
-1.33008 0
-1.32422 0
-1.31836 0
-1.3125 0
-1.30664 0
-1.30078 0
-1.29492 0
-1.28906 0
-1.2832 0
-1.27734 0
-1.27148 0
-1.26562 0
-1.25977 0
-1.25391 0
-1.24805 0
-1.24219 0
-1.23633 0
-1.23047 0
-1.22461 0
-1.21875 0
-1.21289 0
-1.20703 0
-1.20117 0
-1.19531 0
-1.18945 0
-1.18359 0
-1.17773 0
-1.17188 0
-1.16602 0
-1.16016 0
-1.1543 0
-1.14844 0
-1.14258 0
-1.13672 0
-1.13086 0
-1.125 0
-1.11914 0
-1.11328 0
-1.10742 0
-1.10156 0
-1.0957 0
-1.08984 0
-1.08398 0
-1.07812 0
-1.07227 0
-1.06641 0
-1.06055 0
-1.05469 0
-1.04883 0
-1.04297 0
-1.03711 0
-1.03125 0
-1.02539 0
-1.01953 0
-1.01367 0
-1.00781 0
-1.00195 0
-0.996094 0
-0.990234 0
-0.984375 0
-0.978516 0
-0.972656 0
-0.966797 0
-0.960938 0
-0.955078 0
-0.949219 0
-0.943359 0
-0.9375 0
-0.931641 0
-0.925781 0
-0.919922 0
-0.914062 0
-0.908203 0
-0.902344 0
-0.896484 0
-0.890625 0
-0.884766 0
-0.878906 0
-0.873047 0
-0.867188 0
-0.861328 0
-0.855469 0
-0.849609 0
-0.84375 0
-0.837891 0
-0.832031 0
-0.826172 0
-0.820312 0
-0.814453 0
-0.808594 0
-0.802734 0
-0.796875 0
-0.791016 0
-0.785156 0
-0.779297 0
-0.773438 0
-0.767578 0
-0.761719 0
-0.755859 0
-0.75 0
-0.744141 0
-0.738281 0
-0.732422 0
-0.726562 0
-0.720703 0
-0.714844 0
-0.708984 0
-0.703125 0
-0.697266 0
-0.691406 0
-0.685547 0
-0.679688 0
-0.673828 0
-0.667969 0
-0.662109 0
-0.65625 0
-0.650391 0
-0.644531 0
-0.638672 0
-0.632812 0
-0.626953 0
-0.621094 0
-0.615234 0
-0.609375 0
-0.603516 0
-0.597656 0
-0.591797 0
-0.585938 0
-0.580078 0
-0.574219 0
-0.568359 0
-0.5625 0
-0.556641 0
-0.550781 0
-0.544922 0
-0.539062 0
-0.533203 0
-0.527344 0
-0.521484 0
-0.515625 0
-0.509766 0
-0.503906 0
-0.498047 0
-0.492188 0
-0.486328 0
-0.480469 0
-0.474609 0
-0.46875 0
-0.462891 0
-0.457031 0
-0.451172 0
-0.445312 0
-0.439453 0
-0.433594 0
-0.427734 0
-0.421875 0
-0.416016 0
-0.410156 0
-0.404297 0
-0.398438 0
-0.392578 0
-0.386719 0
-0.380859 0
-0.375 0
-0.369141 0
-0.363281 0
-0.357422 0
-0.351562 0
-0.345703 0
-0.339844 0
-0.333984 0
-0.328125 0
-0.322266 0
-0.316406 0
-0.310547 0
-0.304688 0
-0.298828 0
-0.292969 0
-0.287109 0
-0.28125 0
-0.275391 0
-0.269531 0
-0.263672 0
-0.257812 0
-0.251953 0
-0.246094 0
-0.240234 0
-0.234375 0
-0.228516 0
-0.222656 0
-0.216797 0
-0.210938 0
-0.205078 0
-0.199219 0
-0.193359 0
-0.1875 0
-0.181641 0
-0.175781 0
-0.169922 0
-0.164062 0
-0.158203 0
-0.152344 0
-0.146484 0
-0.140625 0
-0.134766 0
-0.128906 0
-0.123047 0
-0.117188 0
-0.111328 0
-0.105469 0
-0.0996094 0
-0.09375 0
-0.0878906 0
-0.0820312 0
-0.0761719 0
-0.0703125 0
-0.0644531 0
-0.0585938 0
-0.0527344 0
-0.046875 0
-0.0410156 0
-0.0351562 0
-0.0292969 0
-0.0234375 0
-0.0175781 0
-0.0117188 0
-0.00585938 0
0 0
0.00585938 100
0.0117188 100
0.0175781 100
0.0234375 100
0.0292969 100
0.0351562 100
0.0410156 100
0.046875 100
0.0527344 100
0.0585938 100
0.0644531 100
0.0703125 100
0.0761719 100
0.0820312 100
0.0878906 100
0.09375 100
0.0996094 100
0.105469 100
0.111328 100
0.117188 100
0.123047 100
0.128906 100
0.134766 100
0.140625 100
0.146484 100
0.152344 100
0.158203 100
0.164062 100
0.169922 100
0.175781 100
0.181641 100
0.1875 100
0.193359 100
0.199219 100
0.205078 100
0.210938 100
0.216797 100
0.222656 100
0.228516 100
0.234375 100
0.240234 100
0.246094 100
0.251953 100
0.257812 100
0.263672 100
0.269531 100
0.275391 100
0.28125 100
0.287109 100
0.292969 100
0.298828 100
0.304688 100
0.310547 100
0.316406 100
0.322266 100
0.328125 100
0.333984 100
0.339844 100
0.345703 100
0.351562 100
0.357422 100
0.363281 100
0.369141 100
0.375 100
0.380859 100
0.386719 100
0.392578 100
0.398438 100
0.404297 100
0.410156 100
0.416016 100
0.421875 100
0.427734 100
0.433594 100
0.439453 100
0.445312 100
0.451172 100
0.457031 100
0.462891 100
0.46875 100
0.474609 100
0.480469 100
0.486328 100
0.492188 100
0.498047 100
0.503906 100
0.509766 100
0.515625 100
0.521484 100
0.527344 100
0.533203 100
0.539062 100
0.544922 100
0.550781 100
0.556641 100
0.5625 100
0.568359 100
0.574219 100
0.580078 100
0.585938 100
0.591797 100
0.597656 100
0.603516 100
0.609375 100
0.615234 100
0.621094 100
0.626953 100
0.632812 100
0.638672 100
0.644531 100
0.650391 100
0.65625 100
0.662109 100
0.667969 100
0.673828 100
0.679688 100
0.685547 100
0.691406 100
0.697266 100
0.703125 100
0.708984 100
0.714844 100
0.720703 100
0.726562 100
0.732422 100
0.738281 100
0.744141 100
0.75 100
0.755859 100
0.761719 100
0.767578 100
0.773438 100
0.779297 100
0.785156 100
0.791016 100
0.796875 100
0.802734 100
0.808594 100
0.814453 100
0.820312 100
0.826172 100
0.832031 100
0.837891 100
0.84375 100
0.849609 100
0.855469 100
0.861328 100
0.867188 100
0.873047 100
0.878906 100
0.884766 100
0.890625 100
0.896484 100
0.902344 100
0.908203 100
0.914062 100
0.919922 100
0.925781 100
0.931641 100
0.9375 100
0.943359 100
0.949219 100
0.955078 100
0.960938 100
0.966797 100
0.972656 100
0.978516 100
0.984375 100
0.990234 100
0.996094 100
1.00195 100
1.00781 100
1.01367 100
1.01953 100
1.02539 100
1.03125 100
1.03711 100
1.04297 100
1.04883 100
1.05469 100
1.06055 100
1.06641 100
1.07227 100
1.07812 100
1.08398 100
1.08984 100
1.0957 100
1.10156 100
1.10742 100
1.11328 100
1.11914 100
1.125 100
1.13086 100
1.13672 100
1.14258 100
1.14844 100
1.1543 100
1.16016 100
1.16602 100
1.17188 100
1.17773 100
1.18359 100
1.18945 100
1.19531 100
1.20117 100
1.20703 100
1.21289 100
1.21875 100
1.22461 100
1.23047 100
1.23633 100
1.24219 100
1.24805 100
1.25391 100
1.25977 100
1.26562 100
1.27148 100
1.27734 100
1.2832 100
1.28906 100
1.29492 100
1.30078 100
1.30664 100
1.3125 100
1.31836 100
1.32422 100
1.33008 100
1.33594 100
1.3418 100
1.34766 100
1.35352 100
1.35938 100
1.36523 100
1.37109 100
1.37695 100
1.38281 100
1.38867 100
1.39453 100
1.40039 100
1.40625 100
1.41211 100
1.41797 100
1.42383 100
1.42969 100
1.43555 100
1.44141 100
1.44727 100
1.45312 100
1.45898 100
1.46484 100
1.4707 100
1.47656 100
1.48242 100
1.48828 100
1.49414 100
1.5 100
1.50586 100
1.51172 100
1.51758 100
1.52344 100
1.5293 100
1.53516 100
1.54102 100
1.54688 100
1.55273 100
1.55859 100
1.56445 100
1.57031 100
1.57617 100
1.58203 100
1.58789 100
1.59375 100
1.59961 100
1.60547 100
1.61133 100
1.61719 100
1.62305 100
1.62891 100
1.63477 100
1.64062 100
1.64648 100
1.65234 100
1.6582 100
1.66406 100
1.66992 100
1.67578 100
1.68164 100
1.6875 100
1.69336 100
1.69922 100
1.70508 100
1.71094 100
1.7168 100
1.72266 100
1.72852 100
1.73438 100
1.74023 100
1.74609 100
1.75195 100
1.75781 100
1.76367 100
1.76953 100
1.77539 100
1.78125 100
1.78711 100
1.79297 100
1.79883 100
1.80469 100
1.81055 100
1.81641 100
1.82227 100
1.82812 100
1.83398 100
1.83984 100
1.8457 100
1.85156 100
1.85742 100
1.86328 100
1.86914 100
1.875 100
1.88086 100
1.88672 100
1.89258 100
1.89844 100
1.9043 100
1.91016 100
1.91602 100
1.92188 100
1.92773 100
1.93359 100
1.93945 100
1.94531 100
1.95117 100
1.95703 100
1.96289 100
1.96875 100
1.97461 100
1.98047 100
1.98633 100
1.99219 100
1.99805 100
2.00391 100
2.00977 100
2.01562 100
2.02148 100
2.02734 100
2.0332 100
2.03906 100
2.04492 100
2.05078 100
2.05664 100
2.0625 100
2.06836 100
2.07422 100
2.08008 100
2.08594 100
2.0918 100
2.09766 100
2.10352 100
2.10938 100
2.11523 100
2.12109 100
2.12695 100
2.13281 100
2.13867 100
2.14453 100
2.15039 100
2.15625 100
2.16211 100
2.16797 100
2.17383 100
2.17969 100
2.18555 100
2.19141 100
2.19727 100
2.20312 100
2.20898 100
2.21484 100
2.2207 100
2.22656 100
2.23242 100
2.23828 100
2.24414 100
2.25 100
2.25586 100
2.26172 100
2.26758 100
2.27344 100
2.2793 100
2.28516 100
2.29102 100
2.29688 100
2.30273 100
2.30859 100
2.31445 100
2.32031 100
2.32617 100
2.33203 100
2.33789 100
2.34375 100
2.34961 100
2.35547 100
2.36133 100
2.36719 100
2.37305 100
2.37891 100
2.38477 100
2.39062 100
2.39648 100
2.40234 100
2.4082 100
2.41406 100
2.41992 100
2.42578 100
2.43164 100
2.4375 100
2.44336 100
2.44922 100
2.45508 100
2.46094 100
2.4668 100
2.47266 100
2.47852 100
2.48438 100
2.49023 100
2.49609 100
2.50195 100
2.50781 100
2.51367 100
2.51953 100
2.52539 100
2.53125 100
2.53711 100
2.54297 100
2.54883 100
2.55469 100
2.56055 100
2.56641 100
2.57227 100
2.57812 100
2.58398 100
2.58984 100
2.5957 100
2.60156 100
2.60742 100
2.61328 100
2.61914 100
2.625 100
2.63086 100
2.63672 100
2.64258 100
2.64844 100
2.6543 100
2.66016 100
2.66602 100
2.67188 100
2.67773 100
2.68359 100
2.68945 100
2.69531 100
2.70117 100
2.70703 100
2.71289 100
2.71875 100
2.72461 100
2.73047 100
2.73633 100
2.74219 100
2.74805 100
2.75391 100
2.75977 100
2.76562 100
2.77148 100
2.77734 100
2.7832 100
2.78906 100
2.79492 100
2.80078 100
2.80664 100
2.8125 100
2.81836 100
2.82422 100
2.83008 100
2.83594 100
2.8418 100
2.84766 100
2.85352 100
2.85938 100
2.86523 100
2.87109 100
2.87695 100
2.88281 100
2.88867 100
2.89453 100
2.90039 100
2.90625 100
2.91211 100
2.91797 100
2.92383 100
2.92969 100
2.93555 100
2.94141 100
2.94727 100
2.95312 100
2.95898 100
2.96484 100
2.9707 100
2.97656 100
2.98242 100
2.98828 100
2.99414 100
3 100
3.00586 100
3.01172 100
3.01758 100
3.02344 100
3.0293 100
3.03516 100
3.04102 100
3.04688 100
3.05273 100
3.05859 100
3.06445 100
3.07031 100
3.07617 100
3.08203 100
3.08789 100
3.09375 100
3.09961 100
3.10547 100
3.11133 100
3.11719 100
3.12305 100
3.12891 100
3.13477 100
3.14062 100
3.14648 100
3.15234 100
3.1582 100
3.16406 100
3.16992 100
3.17578 100
3.18164 100
3.1875 100
3.19336 100
3.19922 100
3.20508 100
3.21094 100
3.2168 100
3.22266 100
3.22852 100
3.23438 100
3.24023 100
3.24609 100
3.25195 100
3.25781 100
3.26367 100
3.26953 100
3.27539 100
3.28125 100
3.28711 100
3.29297 100
3.29883 100
3.30469 100
3.31055 100
3.31641 100
3.32227 100
3.32812 100
3.33398 100
3.33984 100
3.3457 100
3.35156 100
3.35742 100
3.36328 100
3.36914 100
3.375 100
3.38086 100
3.38672 100
3.39258 100
3.39844 100
3.4043 100
3.41016 100
3.41602 100
3.42188 100
3.42773 100
3.43359 100
3.43945 100
3.44531 100
3.45117 100
3.45703 100
3.46289 100
3.46875 100
3.47461 100
3.48047 100
3.48633 100
3.49219 100
3.49805 100
3.50391 100
3.50977 100
3.51562 100
3.52148 100
3.52734 100
3.5332 100
3.53906 100
3.54492 100
3.55078 100
3.55664 100
3.5625 100
3.56836 100
3.57422 100
3.58008 100
3.58594 100
3.5918 100
3.59766 100
3.60352 100
3.60938 100
3.61523 100
3.62109 100
3.62695 100
3.63281 100
3.63867 100
3.64453 100
3.65039 100
3.65625 100
3.66211 100
3.66797 100
3.67383 100
3.67969 100
3.68555 100
3.69141 100
3.69727 100
3.70312 100
3.70898 100
3.71484 100
3.7207 100
3.72656 100
3.73242 100
3.73828 100
3.74414 100
3.75 100
3.75586 100
3.76172 100
3.76758 100
3.77344 100
3.7793 100
3.78516 100
3.79102 100
3.79688 100
3.80273 100
3.80859 100
3.81445 100
3.82031 100
3.82617 100
3.83203 100
3.83789 100
3.84375 100
3.84961 100
3.85547 100
3.86133 100
3.86719 100
3.87305 100
3.87891 100
3.88477 100
3.89062 100
3.89648 100
3.90234 100
3.9082 100
3.91406 100
3.91992 100
3.92578 100
3.93164 100
3.9375 100
3.94336 100
3.94922 100
3.95508 100
3.96094 100
3.9668 100
3.97266 100
3.97852 100
3.98438 100
3.99023 100
3.99609 100
4.00195 100
4.00781 100
4.01367 100
4.01953 100
4.02539 100
4.03125 100
4.03711 100
4.04297 100
4.04883 100
4.05469 100
4.06055 100
4.06641 100
4.07227 100
4.07812 100
4.08398 100
4.08984 100
4.0957 100
4.10156 100
4.10742 100
4.11328 100
4.11914 100
4.125 100
4.13086 100
4.13672 100
4.14258 100
4.14844 100
4.1543 100
4.16016 100
4.16602 100
4.17188 100
4.17773 100
4.18359 100
4.18945 100
4.19531 100
4.20117 100
4.20703 100
4.21289 100
4.21875 100
4.22461 100
4.23047 100
4.23633 100
4.24219 100
4.24805 100
4.25391 100
4.25977 100
4.26562 100
4.27148 100
4.27734 100
4.2832 100
4.28906 100
4.29492 100
4.30078 100
4.30664 100
4.3125 100
4.31836 100
4.32422 100
4.33008 100
4.33594 100
4.3418 100
4.34766 100
4.35352 100
4.35938 100
4.36523 100
4.37109 100
4.37695 100
4.38281 100
4.38867 100
4.39453 100
4.40039 100
4.40625 100
4.41211 100
4.41797 100
4.42383 100
4.42969 100
4.43555 100
4.44141 100
4.44727 100
4.45312 100
4.45898 100
4.46484 100
4.4707 100
4.47656 100
4.48242 100
4.48828 100
4.49414 100
4.5 100
4.50586 100
4.51172 100
4.51758 100
4.52344 100
4.5293 100
4.53516 100
4.54102 100
4.54688 100
4.55273 100
4.55859 100
4.56445 100
4.57031 100
4.57617 100
4.58203 100
4.58789 100
4.59375 100
4.59961 100
4.60547 100
4.61133 100
4.61719 100
4.62305 100
4.62891 100
4.63477 100
4.64062 100
4.64648 100
4.65234 100
4.6582 100
4.66406 100
4.66992 100
4.67578 100
4.68164 100
4.6875 100
4.69336 100
4.69922 100
4.70508 100
4.71094 100
4.7168 100
4.72266 100
4.72852 100
4.73438 100
4.74023 100
4.74609 100
4.75195 100
4.75781 100
4.76367 100
4.76953 100
4.77539 100
4.78125 100
4.78711 100
4.79297 100
4.79883 100
4.80469 100
4.81055 100
4.81641 100
4.82227 100
4.82812 100
4.83398 100
4.83984 100
4.8457 100
4.85156 100
4.85742 100
4.86328 100
4.86914 100
4.875 100
4.88086 100
4.88672 100
4.89258 100
4.89844 100
4.9043 100
4.91016 100
4.91602 100
4.92188 100
4.92773 100
4.93359 100
4.93945 100
4.94531 100
4.95117 100
4.95703 100
4.96289 100
4.96875 100
4.97461 100
4.98047 100
4.98633 100
4.99219 100
4.99805 100
5.00391 100
5.00977 100
5.01562 100
5.02148 100
5.02734 100
5.0332 100
5.03906 100
5.04492 100
5.05078 100
5.05664 100
5.0625 100
5.06836 100
5.07422 100
5.08008 100
5.08594 100
5.0918 100
5.09766 100
5.10352 100
5.10938 100
5.11523 100
5.12109 100
5.12695 100
5.13281 100
5.13867 100
5.14453 100
5.15039 100
5.15625 100
5.16211 100
5.16797 100
5.17383 100
5.17969 100
5.18555 100
5.19141 100
5.19727 100
5.20312 100
5.20898 100
5.21484 100
5.2207 100
5.22656 100
5.23242 100
5.23828 100
5.24414 100
5.25 100
5.25586 100
5.26172 100
5.26758 100
5.27344 100
5.2793 100
5.28516 100
5.29102 100
5.29688 100
5.30273 100
5.30859 100
5.31445 100
5.32031 100
5.32617 100
5.33203 100
5.33789 100
5.34375 100
5.34961 100
5.35547 100
5.36133 100
5.36719 100
5.37305 100
5.37891 100
5.38477 100
5.39062 100
5.39648 100
5.40234 100
5.4082 100
5.41406 100
5.41992 100
5.42578 100
5.43164 100
5.4375 100
5.44336 100
5.44922 100
5.45508 100
5.46094 100
5.4668 100
5.47266 100
5.47852 100
5.48438 100
5.49023 100
5.49609 100
5.50195 100
5.50781 100
5.51367 100
5.51953 100
5.52539 100
5.53125 100
5.53711 100
5.54297 100
5.54883 100
5.55469 100
5.56055 100
5.56641 100
5.57227 100
5.57812 100
5.58398 100
5.58984 100
5.5957 100
5.60156 100
5.60742 100
5.61328 100
5.61914 100
5.625 100
5.63086 100
5.63672 100
5.64258 100
5.64844 100
5.6543 100
5.66016 100
5.66602 100
5.67188 100
5.67773 100
5.68359 100
5.68945 100
5.69531 100
5.70117 100
5.70703 100
5.71289 100
5.71875 100
5.72461 100
5.73047 100
5.73633 100
5.74219 100
5.74805 100
5.75391 100
5.75977 100
5.76562 100
5.77148 100
5.77734 100
5.7832 100
5.78906 100
5.79492 100
5.80078 100
5.80664 100
5.8125 100
5.81836 100
5.82422 100
5.83008 100
5.83594 100
5.8418 100
5.84766 100
5.85352 100
5.85938 100
5.86523 100
5.87109 100
5.87695 100
5.88281 100
5.88867 100
5.89453 100
5.90039 100
5.90625 100
5.91211 100
5.91797 100
5.92383 100
5.92969 100
5.93555 100
5.94141 100
5.94727 100
5.95312 100
5.95898 100
5.96484 100
5.9707 100
5.97656 100
5.98242 100
5.98828 100
5.99414 100
6 100
6.00586 100
6.01172 100
6.01758 100
6.02344 100
6.0293 100
6.03516 100
6.04102 100
6.04688 100
6.05273 100
6.05859 100
6.06445 100
6.07031 100
6.07617 100
6.08203 100
6.08789 100
6.09375 100
6.09961 100
6.10547 100
6.11133 100
6.11719 100
6.12305 100
6.12891 100
6.13477 100
6.14062 100
6.14648 100
6.15234 100
6.1582 100
6.16406 100
6.16992 100
6.17578 100
6.18164 100
6.1875 100
6.19336 100
6.19922 100
6.20508 100
6.21094 100
6.2168 100
6.22266 100
6.22852 100
6.23438 100
6.24023 100
6.24609 100
6.25195 100
6.25781 100
6.26367 100
6.26953 100
6.27539 100
6.28125 100
6.28711 100
6.29297 100
6.29883 100
6.30469 100
6.31055 100
6.31641 100
6.32227 100
6.32812 100
6.33398 100
6.33984 100
6.3457 100
6.35156 100
6.35742 100
6.36328 100
6.36914 100
6.375 100
6.38086 100
6.38672 100
6.39258 100
6.39844 100
6.4043 100
6.41016 100
6.41602 100
6.42188 100
6.42773 100
6.43359 100
6.43945 100
6.44531 100
6.45117 100
6.45703 100
6.46289 100
6.46875 100
6.47461 100
6.48047 100
6.48633 100
6.49219 100
6.49805 100
6.50391 100
6.50977 100
6.51562 100
6.52148 100
6.52734 100
6.5332 100
6.53906 100
6.54492 100
6.55078 100
6.55664 100
6.5625 100
6.56836 100
6.57422 100
6.58008 100
6.58594 100
6.5918 100
6.59766 100
6.60352 100
6.60938 100
6.61523 100
6.62109 100
6.62695 100
6.63281 100
6.63867 100
6.64453 100
6.65039 100
6.65625 100
6.66211 100
6.66797 100
6.67383 100
6.67969 100
6.68555 100
6.69141 100
6.69727 100
6.70312 100
6.70898 100
6.71484 100
6.7207 100
6.72656 100
6.73242 100
6.73828 100
6.74414 100
6.75 100
6.75586 100
6.76172 100
6.76758 100
6.77344 100
6.7793 100
6.78516 100
6.79102 100
6.79688 100
6.80273 100
6.80859 100
6.81445 100
6.82031 100
6.82617 100
6.83203 100
6.83789 100
6.84375 100
6.84961 100
6.85547 100
6.86133 100
6.86719 100
6.87305 100
6.87891 100
6.88477 100
6.89062 100
6.89648 100
6.90234 100
6.9082 100
6.91406 100
6.91992 100
6.92578 100
6.93164 100
6.9375 100
6.94336 100
6.94922 100
6.95508 100
6.96094 100
6.9668 100
6.97266 100
6.97852 100
6.98438 100
6.99023 100
6.99609 100
7.00195 100
7.00781 100
7.01367 100
7.01953 100
7.02539 100
7.03125 100
7.03711 100
7.04297 100
7.04883 100
7.05469 100
7.06055 100
7.06641 100
7.07227 100
7.07812 100
7.08398 100
7.08984 100
7.0957 100
7.10156 100
7.10742 100
7.11328 100
7.11914 100
7.125 100
7.13086 100
7.13672 100
7.14258 100
7.14844 100
7.1543 100
7.16016 100
7.16602 100
7.17188 100
7.17773 100
7.18359 100
7.18945 100
7.19531 100
7.20117 100
7.20703 100
7.21289 100
7.21875 100
7.22461 100
7.23047 100
7.23633 100
7.24219 100
7.24805 100
7.25391 100
7.25977 100
7.26562 100
7.27148 100
7.27734 100
7.2832 100
7.28906 100
7.29492 100
7.30078 100
7.30664 100
7.3125 100
7.31836 100
7.32422 100
7.33008 100
7.33594 100
7.3418 100
7.34766 100
7.35352 100
7.35938 100
7.36523 100
7.37109 100
7.37695 100
7.38281 100
7.38867 100
7.39453 100
7.40039 100
7.40625 100
7.41211 100
7.41797 100
7.42383 100
7.42969 100
7.43555 100
7.44141 100
7.44727 100
7.45312 100
7.45898 100
7.46484 100
7.4707 100
7.47656 100
7.48242 100
7.48828 100
7.49414 100
7.5 100
7.50586 100
7.51172 100
7.51758 100
7.52344 100
7.5293 100
7.53516 100
7.54102 100
7.54688 100
7.55273 100
7.55859 100
7.56445 100
7.57031 100
7.57617 100
7.58203 100
7.58789 100
7.59375 100
7.59961 100
7.60547 100
7.61133 100
7.61719 100
7.62305 100
7.62891 100
7.63477 100
7.64062 100
7.64648 100
7.65234 100
7.6582 100
7.66406 100
7.66992 100
7.67578 100
7.68164 100
7.6875 100
7.69336 100
7.69922 100
7.70508 100
7.71094 100
7.7168 100
7.72266 100
7.72852 100
7.73438 100
7.74023 100
7.74609 100
7.75195 100
7.75781 100
7.76367 100
7.76953 100
7.77539 100
7.78125 100
7.78711 100
7.79297 100
7.79883 100
7.80469 100
7.81055 100
7.81641 100
7.82227 100
7.82812 100
7.83398 100
7.83984 100
7.8457 100
7.85156 100
7.85742 100
7.86328 100
7.86914 100
7.875 100
7.88086 100
7.88672 100
7.89258 100
7.89844 100
7.9043 100
7.91016 100
7.91602 100
7.92188 100
7.92773 100
7.93359 100
7.93945 100
7.94531 100
7.95117 100
7.95703 100
7.96289 100
7.96875 100
7.97461 100
7.98047 100
7.98633 100
7.99219 100
7.99805 100
8.00391 100
8.00977 100
8.01562 100
8.02148 100
8.02734 100
8.0332 100
8.03906 100
8.04492 100
8.05078 100
8.05664 100
8.0625 100
8.06836 100
8.07422 100
8.08008 100
8.08594 100
8.0918 100
8.09766 100
8.10352 100
8.10938 100
8.11523 100
8.12109 100
8.12695 100
8.13281 100
8.13867 100
8.14453 100
8.15039 100
8.15625 100
8.16211 100
8.16797 100
8.17383 100
8.17969 100
8.18555 100
8.19141 100
8.19727 100
8.20312 100
8.20898 100
8.21484 100
8.2207 100
8.22656 100
8.23242 100
8.23828 100
8.24414 100
8.25 100
8.25586 100
8.26172 100
8.26758 100
8.27344 100
8.2793 100
8.28516 100
8.29102 100
8.29688 100
8.30273 100
8.30859 100
8.31445 100
8.32031 100
8.32617 100
8.33203 100
8.33789 100
8.34375 100
8.34961 100
8.35547 100
8.36133 100
8.36719 100
8.37305 100
8.37891 100
8.38477 100
8.39062 100
8.39648 100
8.40234 100
8.4082 100
8.41406 100
8.41992 100
8.42578 100
8.43164 100
8.4375 100
8.44336 100
8.44922 100
8.45508 100
8.46094 100
8.4668 100
8.47266 100
8.47852 100
8.48438 100
8.49023 100
8.49609 100
8.50195 100
8.50781 100
8.51367 100
8.51953 100
8.52539 100
8.53125 100
8.53711 100
8.54297 100
8.54883 100
8.55469 100
8.56055 100
8.56641 100
8.57227 100
8.57812 100
8.58398 100
8.58984 100
8.5957 100
8.60156 100
8.60742 100
8.61328 100
8.61914 100
8.625 100
8.63086 100
8.63672 100
8.64258 100
8.64844 100
8.6543 100
8.66016 100
8.66602 100
8.67188 100
8.67773 100
8.68359 100
8.68945 100
8.69531 100
8.70117 100
8.70703 100
8.71289 100
8.71875 100
8.72461 100
8.73047 100
8.73633 100
8.74219 100
8.74805 100
8.75391 100
8.75977 100
8.76562 100
8.77148 100
8.77734 100
8.7832 100
8.78906 100
8.79492 100
8.80078 100
8.80664 100
8.8125 100
8.81836 100
8.82422 100
8.83008 100
8.83594 100
8.8418 100
8.84766 100
8.85352 100
8.85938 100
8.86523 100
8.87109 100
8.87695 100
8.88281 100
8.88867 100
8.89453 100
8.90039 100
8.90625 100
8.91211 100
8.91797 100
8.92383 100
8.92969 100
8.93555 100
8.94141 100
8.94727 100
8.95312 100
8.95898 100
8.96484 100
8.9707 100
8.97656 100
8.98242 100
8.98828 100
8.99414 100
9 100
9.00586 100
9.01172 100
9.01758 100
9.02344 100
9.0293 100
9.03516 100
9.04102 100
9.04688 100
9.05273 100
9.05859 100
9.06445 100
9.07031 100
9.07617 100
9.08203 100
9.08789 100
9.09375 100
9.09961 100
9.10547 100
9.11133 100
9.11719 100
9.12305 100
9.12891 100
9.13477 100
9.14062 100
9.14648 100
9.15234 100
9.1582 100
9.16406 100
9.16992 100
9.17578 100
9.18164 100
9.1875 100
9.19336 100
9.19922 100
9.20508 100
9.21094 100
9.2168 100
9.22266 100
9.22852 100
9.23438 100
9.24023 100
9.24609 100
9.25195 100
9.25781 100
9.26367 100
9.26953 100
9.27539 100
9.28125 100
9.28711 100
9.29297 100
9.29883 100
9.30469 100
9.31055 100
9.31641 100
9.32227 100
9.32812 100
9.33398 100
9.33984 100
9.3457 100
9.35156 100
9.35742 100
9.36328 100
9.36914 100
9.375 100
9.38086 100
9.38672 100
9.39258 100
9.39844 100
9.4043 100
9.41016 100
9.41602 100
9.42188 100
9.42773 100
9.43359 100
9.43945 100
9.44531 100
9.45117 100
9.45703 100
9.46289 100
9.46875 100
9.47461 100
9.48047 100
9.48633 100
9.49219 100
9.49805 100
9.50391 100
9.50977 100
9.51562 100
9.52148 100
9.52734 100
9.5332 100
9.53906 100
9.54492 100
9.55078 100
9.55664 100
9.5625 100
9.56836 100
9.57422 100
9.58008 100
9.58594 100
9.5918 100
9.59766 100
9.60352 100
9.60938 100
9.61523 100
9.62109 100
9.62695 100
9.63281 100
9.63867 100
9.64453 100
9.65039 100
9.65625 100
9.66211 100
9.66797 100
9.67383 100
9.67969 100
9.68555 100
9.69141 100
9.69727 100
9.70312 100
9.70898 100
9.71484 100
9.7207 100
9.72656 100
9.73242 100
9.73828 100
9.74414 100
9.75 100
9.75586 100
9.76172 100
9.76758 100
9.77344 100
9.7793 100
9.78516 100
9.79102 100
9.79688 100
9.80273 100
9.80859 100
9.81445 100
9.82031 100
9.82617 100
9.83203 100
9.83789 100
9.84375 100
9.84961 100
9.85547 100
9.86133 100
9.86719 100
9.87305 100
9.87891 100
9.88477 100
9.89062 100
9.89648 100
9.90234 100
9.9082 100
9.91406 100
9.91992 100
9.92578 100
9.93164 100
9.9375 100
9.94336 100
9.94922 100
9.95508 100
9.96094 100
9.9668 100
9.97266 100
9.97852 100
9.98438 100
9.99023 100
9.99609 100
10.002 100
10.0078 100
10.0137 100
10.0195 100
10.0254 100
10.0312 100
10.0371 100
10.043 100
10.0488 100
10.0547 100
10.0605 100
10.0664 100
10.0723 100
10.0781 100
10.084 100
10.0898 100
10.0957 100
10.1016 100
10.1074 100
10.1133 100
10.1191 100
10.125 100
10.1309 100
10.1367 100
10.1426 100
10.1484 100
10.1543 100
10.1602 100
10.166 100
10.1719 100
10.1777 100
10.1836 100
10.1895 100
10.1953 100
10.2012 100
10.207 100
10.2129 100
10.2188 100
10.2246 100
10.2305 100
10.2363 100
10.2422 100
10.248 100
10.2539 100
10.2598 100
10.2656 100
10.2715 100
10.2773 100
10.2832 100
10.2891 100
10.2949 100
10.3008 100
10.3066 100
10.3125 100
10.3184 100
10.3242 100
10.3301 100
10.3359 100
10.3418 100
10.3477 100
10.3535 100
10.3594 100
10.3652 100
10.3711 100
10.377 100
10.3828 100
10.3887 100
10.3945 100
10.4004 100
10.4062 100
10.4121 100
10.418 100
10.4238 100
10.4297 100
10.4355 100
10.4414 100
10.4473 100
10.4531 100
10.459 100
10.4648 100
10.4707 100
10.4766 100
10.4824 100
10.4883 100
10.4941 100
10.5 100
10.5059 100
10.5117 100
10.5176 100
10.5234 100
10.5293 100
10.5352 100
10.541 100
10.5469 100
10.5527 100
10.5586 100
10.5645 100
10.5703 100
10.5762 100
10.582 100
10.5879 100
10.5938 100
10.5996 100
10.6055 100
10.6113 100
10.6172 100
10.623 100
10.6289 100
10.6348 100
10.6406 100
10.6465 100
10.6523 100
10.6582 100
10.6641 100
10.6699 100
10.6758 100
10.6816 100
10.6875 100
10.6934 100
10.6992 100
10.7051 100
10.7109 100
10.7168 100
10.7227 100
10.7285 100
10.7344 100
10.7402 100
10.7461 100
10.752 100
10.7578 100
10.7637 100
10.7695 100
10.7754 100
10.7812 100
10.7871 100
10.793 100
10.7988 100
10.8047 100
10.8105 100
10.8164 100
10.8223 100
10.8281 100
10.834 100
10.8398 100
10.8457 100
10.8516 100
10.8574 100
10.8633 100
10.8691 100
10.875 100
10.8809 100
10.8867 100
10.8926 100
10.8984 100
10.9043 100
10.9102 100
10.916 100
10.9219 100
10.9277 100
10.9336 100
10.9395 100
10.9453 100
10.9512 100
10.957 100
10.9629 100
10.9688 100
10.9746 100
10.9805 100
10.9863 100
10.9922 100
10.998 100
11.0039 100
11.0098 100
11.0156 100
11.0215 100
11.0273 100
11.0332 100
11.0391 100
11.0449 100
11.0508 100
11.0566 100
11.0625 100
11.0684 100
11.0742 100
11.0801 100
11.0859 100
11.0918 100
11.0977 100
11.1035 100
11.1094 100
11.1152 100
11.1211 100
11.127 100
11.1328 100
11.1387 100
11.1445 100
11.1504 100
11.1562 100
11.1621 100
11.168 100
11.1738 100
11.1797 100
11.1855 100
11.1914 100
11.1973 100
11.2031 100
11.209 100
11.2148 100
11.2207 100
11.2266 100
11.2324 100
11.2383 100
11.2441 100
11.25 100
11.2559 100
11.2617 100
11.2676 100
11.2734 100
11.2793 100
11.2852 100
11.291 100
11.2969 100
11.3027 100
11.3086 100
11.3145 100
11.3203 100
11.3262 100
11.332 100
11.3379 100
11.3438 100
11.3496 100
11.3555 100
11.3613 100
11.3672 100
11.373 100
11.3789 100
11.3848 100
11.3906 100
11.3965 100
11.4023 100
11.4082 100
11.4141 100
11.4199 100
11.4258 100
11.4316 100
11.4375 100
11.4434 100
11.4492 100
11.4551 100
11.4609 100
11.4668 100
11.4727 100
11.4785 100
11.4844 100
11.4902 100
11.4961 100
11.502 100
11.5078 100
11.5137 100
11.5195 100
11.5254 100
11.5312 100
11.5371 100
11.543 100
11.5488 100
11.5547 100
11.5605 100
11.5664 100
11.5723 100
11.5781 100
11.584 100
11.5898 100
11.5957 100
11.6016 100
11.6074 100
11.6133 100
11.6191 100
11.625 100
11.6309 100
11.6367 100
11.6426 100
11.6484 100
11.6543 100
11.6602 100
11.666 100
11.6719 100
11.6777 100
11.6836 100
11.6895 100
11.6953 100
11.7012 100
11.707 100
11.7129 100
11.7188 100
11.7246 100
11.7305 100
11.7363 100
11.7422 100
11.748 100
11.7539 100
11.7598 100
11.7656 100
11.7715 100
11.7773 100
11.7832 100
11.7891 100
11.7949 100
11.8008 100
11.8066 100
11.8125 100
11.8184 100
11.8242 100
11.8301 100
11.8359 100
11.8418 100
11.8477 100
11.8535 100
11.8594 100
11.8652 100
11.8711 100
11.877 100
11.8828 100
11.8887 100
11.8945 100
11.9004 100
11.9062 100
11.9121 100
11.918 100
11.9238 100
11.9297 100
11.9355 100
11.9414 100
11.9473 100
11.9531 100
11.959 100
11.9648 100
11.9707 100
11.9766 100
11.9824 100
11.9883 100
11.9941 100
12 100
12.0059 100
12.0117 100
12.0176 100
12.0234 100
12.0293 100
12.0352 100
12.041 100
12.0469 100
12.0527 100
12.0586 100
12.0645 100
12.0703 100
12.0762 100
12.082 100
12.0879 100
12.0938 100
12.0996 100
12.1055 100
12.1113 100
12.1172 100
12.123 100
12.1289 100
12.1348 100
12.1406 100
12.1465 100
12.1523 100
12.1582 100
12.1641 100
12.1699 100
12.1758 100
12.1816 100
12.1875 100
12.1934 100
12.1992 100
12.2051 100
12.2109 100
12.2168 100
12.2227 100
12.2285 100
12.2344 100
12.2402 100
12.2461 100
12.252 100
12.2578 100
12.2637 100
12.2695 100
12.2754 100
12.2812 100
12.2871 100
12.293 100
12.2988 100
12.3047 100
12.3105 100
12.3164 100
12.3223 100
12.3281 100
12.334 100
12.3398 100
12.3457 100
12.3516 100
12.3574 100
12.3633 100
12.3691 100
12.375 100
12.3809 100
12.3867 100
12.3926 100
12.3984 100
12.4043 100
12.4102 100
12.416 100
12.4219 100
12.4277 100
12.4336 100
12.4395 100
12.4453 100
12.4512 100
12.457 100
12.4629 100
12.4688 100
12.4746 100
12.4805 100
12.4863 100
12.4922 100
12.498 100
12.5039 100
12.5098 100
12.5156 100
12.5215 100
12.5273 100
12.5332 100
12.5391 100
12.5449 100
12.5508 100
12.5566 100
12.5625 100
12.5684 100
12.5742 100
12.5801 100
12.5859 100
12.5918 100
12.5977 100
12.6035 100
12.6094 100
12.6152 100
12.6211 100
12.627 100
12.6328 100
12.6387 100
12.6445 100
12.6504 100
12.6562 100
12.6621 100
12.668 100
12.6738 100
12.6797 100
12.6855 100
12.6914 100
12.6973 100
12.7031 100
12.709 100
12.7148 100
12.7207 100
12.7266 100
12.7324 100
12.7383 100
12.7441 100
12.75 100
12.7559 100
12.7617 100
12.7676 100
12.7734 100
12.7793 100
12.7852 100
12.791 100
12.7969 100
12.8027 100
12.8086 100
12.8145 100
12.8203 100
12.8262 100
12.832 100
12.8379 100
12.8438 100
12.8496 100
12.8555 100
12.8613 100
12.8672 100
12.873 100
12.8789 100
12.8848 100
12.8906 100
12.8965 100
12.9023 100
12.9082 100
12.9141 100
12.9199 100
12.9258 100
12.9316 100
12.9375 100
12.9434 100
12.9492 100
12.9551 100
12.9609 100
12.9668 100
12.9727 100
12.9785 100
12.9844 100
12.9902 100
12.9961 100
13.002 100
13.0078 100
13.0137 100
13.0195 100
13.0254 100
13.0312 100
13.0371 100
13.043 100
13.0488 100
13.0547 100
13.0605 100
13.0664 100
13.0723 100
13.0781 100
13.084 100
13.0898 100
13.0957 100
13.1016 100
13.1074 100
13.1133 100
13.1191 100
13.125 100
13.1309 100
13.1367 100
13.1426 100
13.1484 100
13.1543 100
13.1602 100
13.166 100
13.1719 100
13.1777 100
13.1836 100
13.1895 100
13.1953 100
13.2012 100
13.207 100
13.2129 100
13.2188 100
13.2246 100
13.2305 100
13.2363 100
13.2422 100
13.248 100
13.2539 100
13.2598 100
13.2656 100
13.2715 100
13.2773 100
13.2832 100
13.2891 100
13.2949 100
13.3008 100
13.3066 100
13.3125 100
13.3184 100
13.3242 100
13.3301 100
13.3359 100
13.3418 100
13.3477 100
13.3535 100
13.3594 100
13.3652 100
13.3711 100
13.377 100
13.3828 100
13.3887 100
13.3945 100
13.4004 100
13.4062 100
13.4121 100
13.418 100
13.4238 100
13.4297 100
13.4355 100
13.4414 100
13.4473 100
13.4531 100
13.459 100
13.4648 100
13.4707 100
13.4766 100
13.4824 100
13.4883 100
13.4941 100
13.5 100
13.5059 100
13.5117 100
13.5176 100
13.5234 100
13.5293 100
13.5352 100
13.541 100
13.5469 100
13.5527 100
13.5586 100
13.5645 100
13.5703 100
13.5762 100
13.582 100
13.5879 100
13.5938 100
13.5996 100
13.6055 100
13.6113 100
13.6172 100
13.623 100
13.6289 100
13.6348 100
13.6406 100
13.6465 100
13.6523 100
13.6582 100
13.6641 100
13.6699 100
13.6758 100
13.6816 100
13.6875 100
13.6934 100
13.6992 100
13.7051 100
13.7109 100
13.7168 100
13.7227 100
13.7285 100
13.7344 100
13.7402 100
13.7461 100
13.752 100
13.7578 100
13.7637 100
13.7695 100
13.7754 100
13.7812 100
13.7871 100
13.793 100
13.7988 100
13.8047 100
13.8105 100
13.8164 100
13.8223 100
13.8281 100
13.834 100
13.8398 100
13.8457 100
13.8516 100
13.8574 100
13.8633 100
13.8691 100
13.875 100
13.8809 100
13.8867 100
13.8926 100
13.8984 100
13.9043 100
13.9102 100
13.916 100
13.9219 100
13.9277 100
13.9336 100
13.9395 100
13.9453 100
13.9512 100
13.957 100
13.9629 100
13.9688 100
13.9746 100
13.9805 100
13.9863 100
13.9922 100
13.998 100
14.0039 100
14.0098 100
14.0156 100
14.0215 100
14.0273 100
14.0332 100
14.0391 100
14.0449 100
14.0508 100
14.0566 100
14.0625 100
14.0684 100
14.0742 100
14.0801 100
14.0859 100
14.0918 100
14.0977 100
14.1035 100
14.1094 100
14.1152 100
14.1211 100
14.127 100
14.1328 100
14.1387 100
14.1445 100
14.1504 100
14.1562 100
14.1621 100
14.168 100
14.1738 100
14.1797 100
14.1855 100
14.1914 100
14.1973 100
14.2031 100
14.209 100
14.2148 100
14.2207 100
14.2266 100
14.2324 100
14.2383 100
14.2441 100
14.25 100
14.2559 100
14.2617 100
14.2676 100
14.2734 100
14.2793 100
14.2852 100
14.291 100
14.2969 100
14.3027 100
14.3086 100
14.3145 100
14.3203 100
14.3262 100
14.332 100
14.3379 100
14.3438 100
14.3496 100
14.3555 100
14.3613 100
14.3672 100
14.373 100
14.3789 100
14.3848 100
14.3906 100
14.3965 100
14.4023 100
14.4082 100
14.4141 100
14.4199 100
14.4258 100
14.4316 100
14.4375 100
14.4434 100
14.4492 100
14.4551 100
14.4609 100
14.4668 100
14.4727 100
14.4785 100
14.4844 100
14.4902 100
14.4961 100
14.502 100
14.5078 100
14.5137 100
14.5195 100
14.5254 100
14.5312 100
14.5371 100
14.543 100
14.5488 100
14.5547 100
14.5605 100
14.5664 100
14.5723 100
14.5781 100
14.584 100
14.5898 100
14.5957 100
14.6016 100
14.6074 100
14.6133 100
14.6191 100
14.625 100
14.6309 100
14.6367 100
14.6426 100
14.6484 100
14.6543 100
14.6602 100
14.666 100
14.6719 100
14.6777 100
14.6836 100
14.6895 100
14.6953 100
14.7012 100
14.707 100
14.7129 100
14.7188 100
14.7246 100
14.7305 100
14.7363 100
14.7422 100
14.748 100
14.7539 100
14.7598 100
14.7656 100
14.7715 100
14.7773 100
14.7832 100
14.7891 100
14.7949 100
14.8008 100
14.8066 100
14.8125 100
14.8184 100
14.8242 100
14.8301 100
14.8359 100
14.8418 100
14.8477 100
14.8535 100
14.8594 100
14.8652 100
14.8711 100
14.877 100
14.8828 100
14.8887 100
14.8945 100
14.9004 100
14.9062 100
14.9121 100
14.918 100
14.9238 100
14.9297 100
14.9355 100
14.9414 100
14.9473 100
14.9531 100
14.959 100
14.9648 100
14.9707 100
14.9766 100
14.9824 100
14.9883 100
14.9941 100
15 100
15.0059 100
15.0117 100
15.0176 100
15.0234 100
15.0293 100
15.0352 100
15.041 100
15.0469 100
15.0527 100
15.0586 100
15.0645 100
15.0703 100
15.0762 100
15.082 100
15.0879 100
15.0938 100
15.0996 100
15.1055 100
15.1113 100
15.1172 100
15.123 100
15.1289 100
15.1348 100
15.1406 100
15.1465 100
15.1523 100
15.1582 100
15.1641 100
15.1699 100
15.1758 100
15.1816 100
15.1875 100
15.1934 100
15.1992 100
15.2051 100
15.2109 100
15.2168 100
15.2227 100
15.2285 100
15.2344 100
15.2402 100
15.2461 100
15.252 100
15.2578 100
15.2637 100
15.2695 100
15.2754 100
15.2812 100
15.2871 100
15.293 100
15.2988 100
15.3047 100
15.3105 100
15.3164 100
15.3223 100
15.3281 100
15.334 100
15.3398 100
15.3457 100
15.3516 100
15.3574 100
15.3633 100
15.3691 100
15.375 100
15.3809 100
15.3867 100
15.3926 100
15.3984 100
15.4043 100
15.4102 100
15.416 100
15.4219 100
15.4277 100
15.4336 100
15.4395 100
15.4453 100
15.4512 100
15.457 100
15.4629 100
15.4688 100
15.4746 100
15.4805 100
15.4863 100
15.4922 100
15.498 100
15.5039 100
15.5098 100
15.5156 100
15.5215 100
15.5273 100
15.5332 100
15.5391 100
15.5449 100
15.5508 100
15.5566 100
15.5625 100
15.5684 100
15.5742 100
15.5801 100
15.5859 100
15.5918 100
15.5977 100
15.6035 100
15.6094 100
15.6152 100
15.6211 100
15.627 100
15.6328 100
15.6387 100
15.6445 100
15.6504 100
15.6562 100
15.6621 100
15.668 100
15.6738 100
15.6797 100
15.6855 100
15.6914 100
15.6973 100
15.7031 100
15.709 100
15.7148 100
15.7207 100
15.7266 100
15.7324 100
15.7383 100
15.7441 100
15.75 100
15.7559 100
15.7617 100
15.7676 100
15.7734 100
15.7793 100
15.7852 100
15.791 100
15.7969 100
15.8027 100
15.8086 100
15.8145 100
15.8203 100
15.8262 100
15.832 100
15.8379 100
15.8438 100
15.8496 100
15.8555 100
15.8613 100
15.8672 100
15.873 100
15.8789 100
15.8848 100
15.8906 100
15.8965 100
15.9023 100
15.9082 100
15.9141 100
15.9199 100
15.9258 100
15.9316 100
15.9375 100
15.9434 100
15.9492 100
15.9551 100
15.9609 100
15.9668 100
15.9727 100
15.9785 100
15.9844 100
15.9902 100
15.9961 100
16.002 100
16.0078 100
16.0137 100
16.0195 100
16.0254 100
16.0312 100
16.0371 100
16.043 100
16.0488 100
16.0547 100
16.0605 100
16.0664 100
16.0723 100
16.0781 100
16.084 100
16.0898 100
16.0957 100
16.1016 100
16.1074 100
16.1133 100
16.1191 100
16.125 100
16.1309 100
16.1367 100
16.1426 100
16.1484 100
16.1543 100
16.1602 100
16.166 100
16.1719 100
16.1777 100
16.1836 100
16.1895 100
16.1953 100
16.2012 100
16.207 100
16.2129 100
16.2188 100
16.2246 100
16.2305 100
16.2363 100
16.2422 100
16.248 100
16.2539 100
16.2598 100
16.2656 100
16.2715 100
16.2773 100
16.2832 100
16.2891 100
16.2949 100
16.3008 100
16.3066 100
16.3125 100
16.3184 100
16.3242 100
16.3301 100
16.3359 100
16.3418 100
16.3477 100
16.3535 100
16.3594 100
16.3652 100
16.3711 100
16.377 100
16.3828 100
16.3887 100
16.3945 100
16.4004 100
16.4062 100
16.4121 100
16.418 100
16.4238 100
16.4297 100
16.4355 100
16.4414 100
16.4473 100
16.4531 100
16.459 100
16.4648 100
16.4707 100
16.4766 100
16.4824 100
16.4883 100
16.4941 100
16.5 100
16.5059 100
16.5117 100
16.5176 100
16.5234 100
16.5293 100
16.5352 100
16.541 100
16.5469 100
16.5527 100
16.5586 100
16.5645 100
16.5703 100
16.5762 100
16.582 100
16.5879 100
16.5938 100
16.5996 100
16.6055 100
16.6113 100
16.6172 100
16.623 100
16.6289 100
16.6348 100
16.6406 100
16.6465 100
16.6523 100
16.6582 100
16.6641 100
16.6699 100
16.6758 100
16.6816 100
16.6875 100
16.6934 100
16.6992 100
16.7051 100
16.7109 100
16.7168 100
16.7227 100
16.7285 100
16.7344 100
16.7402 100
16.7461 100
16.752 100
16.7578 100
16.7637 100
16.7695 100
16.7754 100
16.7812 100
16.7871 100
16.793 100
16.7988 100
16.8047 100
16.8105 100
16.8164 100
16.8223 100
16.8281 100
16.834 100
16.8398 100
16.8457 100
16.8516 100
16.8574 100
16.8633 100
16.8691 100
16.875 100
16.8809 100
16.8867 100
16.8926 100
16.8984 100
16.9043 100
16.9102 100
16.916 100
16.9219 100
16.9277 100
16.9336 100
16.9395 100
16.9453 100
16.9512 100
16.957 100
16.9629 100
16.9688 100
16.9746 100
16.9805 100
16.9863 100
16.9922 100
16.998 100
17.0039 100
17.0098 100
17.0156 100
17.0215 100
17.0273 100
17.0332 100
17.0391 100
17.0449 100
17.0508 100
17.0566 100
17.0625 100
17.0684 100
17.0742 100
17.0801 100
17.0859 100
17.0918 100
17.0977 100
17.1035 100
17.1094 100
17.1152 100
17.1211 100
17.127 100
17.1328 100
17.1387 100
17.1445 100
17.1504 100
17.1562 100
17.1621 100
17.168 100
17.1738 100
17.1797 100
17.1855 100
17.1914 100
17.1973 100
17.2031 100
17.209 100
17.2148 100
17.2207 100
17.2266 100
17.2324 100
17.2383 100
17.2441 100
17.25 100
17.2559 100
17.2617 100
17.2676 100
17.2734 100
17.2793 100
17.2852 100
17.291 100
17.2969 100
17.3027 100
17.3086 100
17.3145 100
17.3203 100
17.3262 100
17.332 100
17.3379 100
17.3438 100
17.3496 100
17.3555 100
17.3613 100
17.3672 100
17.373 100
17.3789 100
17.3848 100
17.3906 100
17.3965 100
17.4023 100
17.4082 100
17.4141 100
17.4199 100
17.4258 100
17.4316 100
17.4375 100
17.4434 100
17.4492 100
17.4551 100
17.4609 100
17.4668 100
17.4727 100
17.4785 100
17.4844 100
17.4902 100
17.4961 100
17.502 100
17.5078 100
17.5137 100
17.5195 100
17.5254 100
17.5312 100
17.5371 100
17.543 100
17.5488 100
17.5547 100
17.5605 100
17.5664 100
17.5723 100
17.5781 100
17.584 100
17.5898 100
17.5957 100
17.6016 100
17.6074 100
17.6133 100
17.6191 100
17.625 100
17.6309 100
17.6367 100
17.6426 100
17.6484 100
17.6543 100
17.6602 100
17.666 100
17.6719 100
17.6777 100
17.6836 100
17.6895 100
17.6953 100
17.7012 100
17.707 100
17.7129 100
17.7188 100
17.7246 100
17.7305 100
17.7363 100
17.7422 100
17.748 100
17.7539 100
17.7598 100
17.7656 100
17.7715 100
17.7773 100
17.7832 100
17.7891 100
17.7949 100
17.8008 100
17.8066 100
17.8125 100
17.8184 100
17.8242 100
17.8301 100
17.8359 100
17.8418 100
17.8477 100
17.8535 100
17.8594 100
17.8652 100
17.8711 100
17.877 100
17.8828 100
17.8887 100
17.8945 100
17.9004 100
17.9062 100
17.9121 100
17.918 100
17.9238 100
17.9297 100
17.9355 100
17.9414 100
17.9473 100
17.9531 100
17.959 100
17.9648 100
17.9707 100
17.9766 100
17.9824 100
17.9883 100
17.9941 100
18 100
18.0059 100
18.0117 100
18.0176 100
18.0234 100
18.0293 100
18.0352 100
18.041 100
18.0469 100
18.0527 100
18.0586 100
18.0645 100
18.0703 100
18.0762 100
18.082 100
18.0879 100
18.0938 100
18.0996 100
18.1055 100
18.1113 100
18.1172 100
18.123 100
18.1289 100
18.1348 100
18.1406 100
18.1465 100
18.1523 100
18.1582 100
18.1641 100
18.1699 100
18.1758 100
18.1816 100
18.1875 100
18.1934 100
18.1992 100
18.2051 100
18.2109 100
18.2168 100
18.2227 100
18.2285 100
18.2344 100
18.2402 100
18.2461 100
18.252 100
18.2578 100
18.2637 100
18.2695 100
18.2754 100
18.2812 100
18.2871 100
18.293 100
18.2988 100
18.3047 100
18.3105 100
18.3164 100
18.3223 100
18.3281 100
18.334 100
18.3398 100
18.3457 100
18.3516 100
18.3574 100
18.3633 100
18.3691 100
18.375 100
18.3809 100
18.3867 100
18.3926 100
18.3984 100
18.4043 100
18.4102 100
18.416 100
18.4219 100
18.4277 100
18.4336 100
18.4395 100
18.4453 100
18.4512 100
18.457 100
18.4629 100
18.4688 100
18.4746 100
18.4805 100
18.4863 100
18.4922 100
18.498 100
18.5039 100
18.5098 100
18.5156 100
18.5215 100
18.5273 100
18.5332 100
18.5391 100
18.5449 100
18.5508 100
18.5566 100
18.5625 100
18.5684 100
18.5742 100
18.5801 100
18.5859 100
18.5918 100
18.5977 100
18.6035 100
18.6094 100
18.6152 100
18.6211 100
18.627 100
18.6328 100
18.6387 100
18.6445 100
18.6504 100
18.6562 100
18.6621 100
18.668 100
18.6738 100
18.6797 100
18.6855 100
18.6914 100
18.6973 100
18.7031 100
18.709 100
18.7148 100
18.7207 100
18.7266 100
18.7324 100
18.7383 100
18.7441 100
18.75 100
18.7559 100
18.7617 100
18.7676 100
18.7734 100
18.7793 100
18.7852 100
18.791 100
18.7969 100
18.8027 100
18.8086 100
18.8145 100
18.8203 100
18.8262 100
18.832 100
18.8379 100
18.8438 100
18.8496 100
18.8555 100
18.8613 100
18.8672 100
18.873 100
18.8789 100
18.8848 100
18.8906 100
18.8965 100
18.9023 100
18.9082 100
18.9141 100
18.9199 100
18.9258 100
18.9316 100
18.9375 100
18.9434 100
18.9492 100
18.9551 100
18.9609 100
18.9668 100
18.9727 100
18.9785 100
18.9844 100
18.9902 100
18.9961 100
19.002 100
19.0078 100
19.0137 100
19.0195 100
19.0254 100
19.0312 100
19.0371 100
19.043 100
19.0488 100
19.0547 100
19.0605 100
19.0664 100
19.0723 100
19.0781 100
19.084 100
19.0898 100
19.0957 100
19.1016 100
19.1074 100
19.1133 100
19.1191 100
19.125 100
19.1309 100
19.1367 100
19.1426 100
19.1484 100
19.1543 100
19.1602 100
19.166 100
19.1719 100
19.1777 100
19.1836 100
19.1895 100
19.1953 100
19.2012 100
19.207 100
19.2129 100
19.2188 100
19.2246 100
19.2305 100
19.2363 100
19.2422 100
19.248 100
19.2539 100
19.2598 100
19.2656 100
19.2715 100
19.2773 100
19.2832 100
19.2891 100
19.2949 100
19.3008 100
19.3066 100
19.3125 100
19.3184 100
19.3242 100
19.3301 100
19.3359 100
19.3418 100
19.3477 100
19.3535 100
19.3594 100
19.3652 100
19.3711 100
19.377 100
19.3828 100
19.3887 100
19.3945 100
19.4004 100
19.4062 100
19.4121 100
19.418 100
19.4238 100
19.4297 100
19.4355 100
19.4414 100
19.4473 100
19.4531 100
19.459 100
19.4648 100
19.4707 100
19.4766 100
19.4824 100
19.4883 100
19.4941 100
19.5 100
19.5059 100
19.5117 100
19.5176 100
19.5234 100
19.5293 100
19.5352 100
19.541 100
19.5469 100
19.5527 100
19.5586 100
19.5645 100
19.5703 100
19.5762 100
19.582 100
19.5879 100
19.5938 100
19.5996 100
19.6055 100
19.6113 100
19.6172 100
19.623 100
19.6289 100
19.6348 100
19.6406 100
19.6465 100
19.6523 100
19.6582 100
19.6641 100
19.6699 100
19.6758 100
19.6816 100
19.6875 100
19.6934 100
19.6992 100
19.7051 100
19.7109 100
19.7168 100
19.7227 100
19.7285 100
19.7344 100
19.7402 100
19.7461 100
19.752 100
19.7578 100
19.7637 100
19.7695 100
19.7754 100
19.7812 100
19.7871 100
19.793 100
19.7988 100
19.8047 100
19.8105 100
19.8164 100
19.8223 100
19.8281 100
19.834 100
19.8398 100
19.8457 100
19.8516 100
19.8574 100
19.8633 100
19.8691 100
19.875 100
19.8809 100
19.8867 100
19.8926 100
19.8984 100
19.9043 100
19.9102 100
19.916 100
19.9219 100
19.9277 100
19.9336 100
19.9395 100
19.9453 100
19.9512 100
19.957 100
19.9629 100
19.9688 100
19.9746 100
19.9805 100
19.9863 100
19.9922 100
19.998 100
20.0039 100
20.0098 100
20.0156 100
20.0215 100
20.0273 100
20.0332 100
20.0391 100
20.0449 100
20.0508 100
20.0566 100
20.0625 100
20.0684 100
20.0742 100
20.0801 100
20.0859 100
20.0918 100
20.0977 100
20.1035 100
20.1094 100
20.1152 100
20.1211 100
20.127 100
20.1328 100
20.1387 100
20.1445 100
20.1504 100
20.1562 100
20.1621 100
20.168 100
20.1738 100
20.1797 100
20.1855 100
20.1914 100
20.1973 100
20.2031 100
20.209 100
20.2148 100
20.2207 100
20.2266 100
20.2324 100
20.2383 100
20.2441 100
20.25 100
20.2559 100
20.2617 100
20.2676 100
20.2734 100
20.2793 100
20.2852 100
20.291 100
20.2969 100
20.3027 100
20.3086 100
20.3145 100
20.3203 100
20.3262 100
20.332 100
20.3379 100
20.3438 100
20.3496 100
20.3555 100
20.3613 100
20.3672 100
20.373 100
20.3789 100
20.3848 100
20.3906 100
20.3965 100
20.4023 100
20.4082 100
20.4141 100
20.4199 100
20.4258 100
20.4316 100
20.4375 100
20.4434 100
20.4492 100
20.4551 100
20.4609 100
20.4668 100
20.4727 100
20.4785 100
20.4844 100
20.4902 100
20.4961 100
20.502 100
20.5078 100
20.5137 100
20.5195 100
20.5254 100
20.5312 100
20.5371 100
20.543 100
20.5488 100
20.5547 100
20.5605 100
20.5664 100
20.5723 100
20.5781 100
20.584 100
20.5898 100
20.5957 100
20.6016 100
20.6074 100
20.6133 100
20.6191 100
20.625 100
20.6309 100
20.6367 100
20.6426 100
20.6484 100
20.6543 100
20.6602 100
20.666 100
20.6719 100
20.6777 100
20.6836 100
20.6895 100
20.6953 100
20.7012 100
20.707 100
20.7129 100
20.7188 100
20.7246 100
20.7305 100
20.7363 100
20.7422 100
20.748 100
20.7539 100
20.7598 100
20.7656 100
20.7715 100
20.7773 100
20.7832 100
20.7891 100
20.7949 100
20.8008 100
20.8066 100
20.8125 100
20.8184 100
20.8242 100
20.8301 100
20.8359 100
20.8418 100
20.8477 100
20.8535 100
20.8594 100
20.8652 100
20.8711 100
20.877 100
20.8828 100
20.8887 100
20.8945 100
20.9004 100
20.9062 100
20.9121 100
20.918 100
20.9238 100
20.9297 100
20.9355 100
20.9414 100
20.9473 100
20.9531 100
20.959 100
20.9648 100
20.9707 100
20.9766 100
20.9824 100
20.9883 100
20.9941 100
21 100
21.0059 100
21.0117 100
21.0176 100
21.0234 100
21.0293 100
21.0352 100
21.041 100
21.0469 100
21.0527 100
21.0586 100
21.0645 100
21.0703 100
21.0762 100
21.082 100
21.0879 100
21.0938 100
21.0996 100
21.1055 100
21.1113 100
21.1172 100
21.123 100
21.1289 100
21.1348 100
21.1406 100
21.1465 100
21.1523 100
21.1582 100
21.1641 100
21.1699 100
21.1758 100
21.1816 100
21.1875 100
21.1934 100
21.1992 100
21.2051 100
21.2109 100
21.2168 100
21.2227 100
21.2285 100
21.2344 100
21.2402 100
21.2461 100
21.252 100
21.2578 100
21.2637 100
21.2695 100
21.2754 100
21.2812 100
21.2871 100
21.293 100
21.2988 100
21.3047 100
21.3105 100
21.3164 100
21.3223 100
21.3281 100
21.334 100
21.3398 100
21.3457 100
21.3516 100
21.3574 100
21.3633 100
21.3691 100
21.375 100
21.3809 100
21.3867 100
21.3926 100
21.3984 100
21.4043 100
21.4102 100
21.416 100
21.4219 100
21.4277 100
21.4336 100
21.4395 100
21.4453 100
21.4512 100
21.457 100
21.4629 100
21.4688 100
21.4746 100
21.4805 100
21.4863 100
21.4922 100
21.498 100
21.5039 100
21.5098 100
21.5156 100
21.5215 100
21.5273 100
21.5332 100
21.5391 100
21.5449 100
21.5508 100
21.5566 100
21.5625 100
21.5684 100
21.5742 100
21.5801 100
21.5859 100
21.5918 100
21.5977 100
21.6035 100
21.6094 100
21.6152 100
21.6211 100
21.627 100
21.6328 100
21.6387 100
21.6445 100
21.6504 100
21.6562 100
21.6621 100
21.668 100
21.6738 100
21.6797 100
21.6855 100
21.6914 100
21.6973 100
21.7031 100
21.709 100
21.7148 100
21.7207 100
21.7266 100
21.7324 100
21.7383 100
21.7441 100
21.75 100
21.7559 100
21.7617 100
21.7676 100
21.7734 100
21.7793 100
21.7852 100
21.791 100
21.7969 100
21.8027 100
21.8086 100
21.8145 100
21.8203 100
21.8262 100
21.832 100
21.8379 100
21.8438 100
21.8496 100
21.8555 100
21.8613 100
21.8672 100
21.873 100
21.8789 100
21.8848 100
21.8906 100
21.8965 100
21.9023 100
21.9082 100
21.9141 100
21.9199 100
21.9258 100
21.9316 100
21.9375 100
21.9434 100
21.9492 100
21.9551 100
21.9609 100
21.9668 100
21.9727 100
21.9785 100
21.9844 100
21.9902 100
21.9961 100
22.002 100
22.0078 100
22.0137 100
22.0195 100
22.0254 100
22.0312 100
22.0371 100
22.043 100
22.0488 100
22.0547 100
22.0605 100
22.0664 100
22.0723 100
22.0781 100
22.084 100
22.0898 100
22.0957 100
22.1016 100
22.1074 100
22.1133 100
22.1191 100
22.125 100
22.1309 100
22.1367 100
22.1426 100
22.1484 100
22.1543 100
22.1602 100
22.166 100
22.1719 100
22.1777 100
22.1836 100
22.1895 100
22.1953 100
22.2012 100
22.207 100
22.2129 100
22.2188 100
22.2246 100
22.2305 100
22.2363 100
22.2422 100
22.248 100
22.2539 100
22.2598 100
22.2656 100
22.2715 100
22.2773 100
22.2832 100
22.2891 100
22.2949 100
22.3008 100
22.3066 100
22.3125 100
22.3184 100
22.3242 100
22.3301 100
22.3359 100
22.3418 100
22.3477 100
22.3535 100
22.3594 100
22.3652 100
22.3711 100
22.377 100
22.3828 100
22.3887 100
22.3945 100
22.4004 100
22.4062 100
22.4121 100
22.418 100
22.4238 100
22.4297 100
22.4355 100
22.4414 100
22.4473 100
22.4531 100
22.459 100
22.4648 100
22.4707 100
22.4766 100
22.4824 100
22.4883 100
22.4941 100
22.5 100
22.5059 100
22.5117 100
22.5176 100
22.5234 100
22.5293 100
22.5352 100
22.541 100
22.5469 100
22.5527 100
22.5586 100
22.5645 100
22.5703 100
22.5762 100
22.582 100
22.5879 100
22.5938 100
22.5996 100
22.6055 100
22.6113 100
22.6172 100
22.623 100
22.6289 100
22.6348 100
22.6406 100
22.6465 100
22.6523 100
22.6582 100
22.6641 100
22.6699 100
22.6758 100
22.6816 100
22.6875 100
22.6934 100
22.6992 100
22.7051 100
22.7109 100
22.7168 100
22.7227 100
22.7285 100
22.7344 100
22.7402 100
22.7461 100
22.752 100
22.7578 100
22.7637 100
22.7695 100
22.7754 100
22.7812 100
22.7871 100
22.793 100
22.7988 100
22.8047 100
22.8105 100
22.8164 100
22.8223 100
22.8281 100
22.834 100
22.8398 100
22.8457 100
22.8516 100
22.8574 100
22.8633 100
22.8691 100
22.875 100
22.8809 100
22.8867 100
22.8926 100
22.8984 100
22.9043 100
22.9102 100
22.916 100
22.9219 100
22.9277 100
22.9336 100
22.9395 100
22.9453 100
22.9512 100
22.957 100
22.9629 100
22.9688 100
22.9746 100
22.9805 100
22.9863 100
22.9922 100
22.998 100
23.0039 100
23.0098 100
23.0156 100
23.0215 100
23.0273 100
23.0332 100
23.0391 100
23.0449 100
23.0508 100
23.0566 100
23.0625 100
23.0684 100
23.0742 100
23.0801 100
23.0859 100
23.0918 100
23.0977 100
23.1035 100
23.1094 100
23.1152 100
23.1211 100
23.127 100
23.1328 100
23.1387 100
23.1445 100
23.1504 100
23.1562 100
23.1621 100
23.168 100
23.1738 100
23.1797 100
23.1855 100
23.1914 100
23.1973 100
23.2031 100
23.209 100
23.2148 100
23.2207 100
23.2266 100
23.2324 100
23.2383 100
23.2441 100
23.25 100
23.2559 100
23.2617 100
23.2676 100
23.2734 100
23.2793 100
23.2852 100
23.291 100
23.2969 100
23.3027 100
23.3086 100
23.3145 100
23.3203 100
23.3262 100
23.332 100
23.3379 100
23.3438 100
23.3496 100
23.3555 100
23.3613 100
23.3672 100
23.373 100
23.3789 100
23.3848 100
23.3906 100
23.3965 100
23.4023 100
23.4082 100
23.4141 100
23.4199 100
23.4258 100
23.4316 100
23.4375 100
23.4434 100
23.4492 100
23.4551 100
23.4609 100
23.4668 100
23.4727 100
23.4785 100
23.4844 100
23.4902 100
23.4961 100
23.502 100
23.5078 100
23.5137 100
23.5195 100
23.5254 100
23.5312 100
23.5371 100
23.543 100
23.5488 100
23.5547 100
23.5605 100
23.5664 100
23.5723 100
23.5781 100
23.584 100
23.5898 100
23.5957 100
23.6016 100
23.6074 100
23.6133 100
23.6191 100
23.625 100
23.6309 100
23.6367 100
23.6426 100
23.6484 100
23.6543 100
23.6602 100
23.666 100
23.6719 100
23.6777 100
23.6836 100
23.6895 100
23.6953 100
23.7012 100
23.707 100
23.7129 100
23.7188 100
23.7246 100
23.7305 100
23.7363 100
23.7422 100
23.748 100
23.7539 100
23.7598 100
23.7656 100
23.7715 100
23.7773 100
23.7832 100
23.7891 100
23.7949 100
23.8008 100
23.8066 100
23.8125 100
23.8184 100
23.8242 100
23.8301 100
23.8359 100
23.8418 100
23.8477 100
23.8535 100
23.8594 100
23.8652 100
23.8711 100
23.877 100
23.8828 100
23.8887 100
23.8945 100
23.9004 100
23.9062 100
23.9121 100
23.918 100
23.9238 100
23.9297 100
23.9355 100
23.9414 100
23.9473 100
23.9531 100
23.959 100
23.9648 100
23.9707 100
23.9766 100
23.9824 100
23.9883 100
23.9941 100
