-6 8.77396e-196 -0
-5.99707 2.11209e-195 -0
-5.99414 5.07994e-195 -0
-5.99121 1.22076e-194 -0
-5.98828 2.9311e-194 -0
-5.98535 7.03164e-194 -0
-5.98242 1.68543e-193 -0
-5.97949 4.03638e-193 -0
-5.97656 9.6583e-193 -0
-5.97363 2.30907e-192 -0
-5.9707 5.51568e-192 -0
-5.96777 1.3164e-191 -0
-5.96484 3.13911e-191 -0
-5.96191 7.47914e-191 -0
-5.95898 1.78042e-190 -0
-5.95605 4.2347e-190 -0
-5.95312 1.00635e-189 -0
-5.9502 2.38947e-189 -0
-5.94727 5.6687e-189 -0
-5.94434 1.34367e-188 -0
-5.94141 3.18219e-188 -0
-5.93848 7.5299e-188 -0
-5.93555 1.78024e-187 -0
-5.93262 4.20529e-187 -0
-5.92969 9.92523e-187 -0
-5.92676 2.34052e-186 -0
-5.92383 5.51456e-186 -0
-5.9209 1.29819e-185 -0
-5.91797 3.05345e-185 -0
-5.91504 7.17581e-185 -0
-5.91211 1.68492e-184 -0
-5.90918 3.95288e-184 -0
-5.90625 9.26565e-184 -0
-5.90332 2.17003e-183 -0
-5.90039 5.07788e-183 -0
-5.89746 1.18721e-182 -0
-5.89453 2.7733e-182 -0
-5.8916 6.47285e-182 -0
-5.88867 1.50946e-181 -0
-5.88574 3.51702e-181 -0
-5.88281 8.18756e-181 -0
-5.87988 1.90442e-180 -0
-5.87695 4.42585e-180 -0
-5.87402 1.02768e-179 -0
-5.87109 2.38423e-179 -0
-5.86816 5.52668e-179 -0
-5.86523 1.27999e-178 -0
-5.8623 2.96196e-178 -0
-5.85938 6.84821e-178 -0
-5.85645 1.58198e-177 -0
-5.85352 3.65136e-177 -0
-5.85059 8.42044e-177 -0
-5.84766 1.94018e-176 -0
-5.84473 4.46659e-176 -0
-5.8418 1.0274e-175 -0
-5.83887 2.36117e-175 -0
-5.83594 5.42179e-175 -0
-5.83301 1.2439e-174 -0
-5.83008 2.85139e-174 -0
-5.82715 6.53062e-174 -0
-5.82422 1.49444e-173 -0
-5.82129 3.4169e-173 -0
-5.81836 7.80569e-173 -0
-5.81543 1.78163e-172 -0
-5.8125 4.06305e-172 -0
-5.80957 9.25792e-172 -0
-5.80664 2.10767e-171 -0
-5.80371 4.79421e-171 -0
-5.80078 1.08958e-170 -0
-5.79785 2.47418e-170 -0
-5.79492 5.61343e-170 -0
-5.79199 1.27249e-169 -0
-5.78906 2.88207e-169 -0
-5.78613 6.52205e-169 -0
-5.7832 1.47465e-168 -0
-5.78027 3.33138e-168 -0
-5.77734 7.51943e-168 -0
-5.77441 1.69579e-167 -0
-5.77148 3.8211e-167 -0
-5.76855 8.60263e-167 -0
-5.76562 1.93509e-166 -0
-5.7627 4.34909e-166 -0
-5.75977 9.76613e-166 -0
-5.75684 2.19116e-165 -0
-5.75391 4.91194e-165 -0
-5.75098 1.10017e-164 -0
-5.74805 2.46202e-164 -0
-5.74512 5.50494e-164 -0
-5.74219 1.22982e-163 -0
-5.73926 2.74509e-163 -0
-5.73633 6.12207e-163 -0
-5.7334 1.36417e-162 -0
-5.73047 3.03714e-162 -0
-5.72754 6.75598e-162 -0
-5.72461 1.50155e-161 -0
-5.72168 3.3344e-161 -0
-5.71875 7.39816e-161 -0
-5.71582 1.64005e-160 -0
-5.71289 3.6326e-160 -0
-5.70996 8.03905e-160 -0
-5.70703 1.77754e-159 -0
-5.7041 3.927e-159 -0
-5.70117 8.66823e-159 -0
-5.69824 1.91173e-158 -0
-5.69531 4.2126e-158 -0
-5.69238 9.27474e-158 -0
-5.68945 2.04023e-157 -0
-5.68652 4.4842e-157 -0
-5.68359 9.84732e-157 -0
-5.68066 2.16062e-156 -0
-5.67773 4.73658e-156 -0
-5.6748 1.03748e-155 -0
-5.67188 2.2705e-155 -0
-5.66895 4.96466e-155 -0
-5.66602 1.08464e-154 -0
-5.66309 2.3676e-154 -0
-5.66016 5.16369e-154 -0
-5.65723 1.12522e-153 -0
-5.6543 2.44987e-153 -0
-5.65137 5.32936e-153 -0
-5.64844 1.15834e-152 -0
-5.64551 2.51548e-152 -0
-5.64258 5.45802e-152 -0
-5.63965 1.18325e-151 -0
-5.63672 2.56298e-151 -0
-5.63379 5.54678e-151 -0
-5.63086 1.1994e-150 -0
-5.62793 2.59128e-150 -0
-5.625 5.59361e-150 -0
-5.62207 1.20641e-149 -0
-5.61914 2.59973e-149 -0
-5.61621 5.59742e-149 -0
-5.61328 1.20413e-148 -0
-5.61035 2.58814e-148 -0
-5.60742 5.55813e-148 -0
-5.60449 1.19261e-147 -0
-5.60156 2.55677e-147 -0
-5.59863 5.47665e-147 -0
-5.5957 1.1721e-146 -0
-5.59277 2.50635e-146 -0
-5.58984 5.35484e-146 -0
-5.58691 1.14308e-145 -0
-5.58398 2.43802e-145 -0
-5.58105 5.19545e-145 -0
-5.57812 1.10621e-144 -0
-5.5752 2.3533e-144 -0
-5.57227 5.00202e-144 -0
-5.56934 1.06228e-143 -0
-5.56641 2.25404e-143 -0
-5.56348 4.77873e-143 -0
-5.56055 1.01225e-142 -0
-5.55762 2.14236e-142 -0
-5.55469 4.53027e-142 -0
-5.55176 9.57156e-142 -0
-5.54883 2.02055e-141 -0
-5.5459 4.26169e-141 -0
-5.54297 8.98094e-141 -0
-5.54004 1.89099e-140 -0
-5.53711 3.97818e-140 -0
-5.53418 8.36193e-140 -0
-5.53125 1.75613e-139 -0
-5.52832 3.68495e-139 -0
-5.52539 7.72566e-139 -0
-5.52246 1.61833e-138 -0
-5.51953 3.38708e-138 -0
-5.5166 7.08289e-138 -0
-5.51367 1.47987e-137 -0
-5.51074 3.08932e-137 -0
-5.50781 6.44362e-137 -0
-5.50488 1.34284e-136 -0
-5.50195 2.79606e-136 -0
-5.49902 5.81695e-136 -0
-5.49609 1.20913e-135 -0
-5.49316 2.51116e-135 -0
-5.49023 5.21081e-135 -0
-5.4873 1.08035e-134 -0
-5.48438 2.23794e-134 -0
-5.48145 4.63192e-134 -0
-5.47852 9.57856e-134 -0
-5.47559 1.9791e-133 -0
-5.47266 4.08565e-133 -0
-5.46973 8.42718e-133 -0
-5.4668 1.73673e-132 -0
-5.46387 3.57608e-132 -0
-5.46094 7.35716e-132 -0
-5.45801 1.51231e-131 -0
-5.45508 3.10597e-131 -0
-5.45215 6.37357e-131 -0
-5.44922 1.30676e-130 -0
-5.44629 2.67691e-130 -0
-5.44336 5.47899e-130 -0
-5.44043 1.12045e-129 -0
-5.4375 2.28937e-129 -0
-5.43457 4.67373e-129 -0
-5.43164 9.5332e-129 -0
-5.42871 1.94286e-128 -0
-5.42578 3.95614e-128 -0
-5.42285 8.04875e-128 -0
-5.41992 1.63611e-127 -0
-5.41699 3.32296e-127 -0
-5.41406 6.74316e-127 -0
-5.41113 1.36719e-126 -0
-5.4082 2.76964e-126 -0
-5.40527 5.60588e-126 -0
-5.40234 1.13368e-125 -0
-5.39941 2.29069e-125 -0
-5.39648 4.62455e-125 -0
-5.39355 9.32822e-125 -0
-5.39062 1.87999e-124 -0
-5.3877 3.78565e-124 -0
-5.38477 7.61643e-124 -0
-5.38184 1.53105e-123 -0
-5.37891 3.07507e-123 -0
-5.37598 6.1709e-123 -0
-5.37305 1.23728e-122 -0
-5.37012 2.47866e-122 -0
-5.36719 4.96125e-122 -0
-5.36426 9.92187e-122 -0
-5.36133 1.98254e-121 -0
-5.3584 3.95803e-121 -0
-5.35547 7.8952e-121 -0
-5.35254 1.57353e-120 -0
-5.34961 3.13337e-120 -0
-5.34668 6.23416e-120 -0
-5.34375 1.23928e-119 -0
-5.34082 2.46145e-119 -0
-5.33789 4.8847e-119 -0
-5.33496 9.68528e-119 -0
-5.33203 1.91873e-118 -0
-5.3291 3.79789e-118 -0
-5.32617 7.51102e-118 -0
-5.32324 1.48417e-117 -0
-5.32031 2.93017e-117 -0
-5.31738 5.78004e-117 -0
-5.31445 1.13919e-116 -0
-5.31152 2.24331e-116 -0
-5.30859 4.41375e-116 -0
-5.30566 8.67671e-116 -0
-5.30273 1.70423e-115 -0
-5.2998 3.3445e-115 -0
-5.29688 6.55782e-115 -0
-5.29395 1.28474e-114 -0
-5.29102 2.51477e-114 -0
-5.28809 4.91823e-114 -0
-5.28516 9.6105e-114 -0
-5.28223 1.87634e-113 -0
-5.2793 3.66018e-113 -0
-5.27637 7.13382e-113 -0
-5.27344 1.38921e-112 -0
-5.27051 2.70298e-112 -0
-5.26758 5.25465e-112 -0
-5.26465 1.02064e-111 -0
-5.26172 1.98074e-111 -0
-5.25879 3.8407e-111 -0
-5.25586 7.44081e-111 -0
-5.25293 1.44031e-110 -0
-5.25 2.78562e-110 -0
-5.24707 5.38287e-110 -0
-5.24414 1.03928e-109 -0
-5.24121 2.00484e-109 -0
-5.23828 3.86413e-109 -0
-5.23535 7.44137e-109 -0
-5.23242 1.43179e-108 -0
-5.22949 2.75255e-108 -0
-5.22656 5.28711e-108 -0
-5.22363 1.01468e-107 -0
-5.2207 1.94565e-107 -0
-5.21777 3.7276e-107 -0
-5.21484 7.13543e-107 -0
-5.21191 1.36471e-106 -0
-5.20898 2.60786e-106 -0
-5.20605 4.97918e-106 -0
-5.20312 9.49857e-106 -0
-5.2002 1.81045e-105 -0
-5.19727 3.44779e-105 -0
-5.19434 6.56029e-105 -0
-5.19141 1.24719e-104 -0
-5.18848 2.36902e-104 -0
-5.18555 4.49607e-104 -0
-5.18262 8.52557e-104 -0
-5.17969 1.61526e-103 -0
-5.17676 3.05765e-103 -0
-5.17383 5.78309e-103 -0
-5.1709 1.09285e-102 -0
-5.16797 2.06342e-102 -0
-5.16504 3.89262e-102 -0
-5.16211 7.33709e-102 -0
-5.15918 1.38176e-101 -0
-5.15625 2.59997e-101 -0
-5.15332 4.88801e-101 -0
-5.15039 9.1817e-101 -0
-5.14746 1.72322e-100 -0
-5.14453 3.23137e-100 -0
-5.1416 6.05423e-100 -0
-5.13867 1.13334e-99 -0
-5.13574 2.11975e-99 -0
-5.13281 3.96132e-99 -0
-5.12988 7.39641e-99 -0
-5.12695 1.37984e-98 -0
-5.12402 2.57197e-98 -0
-5.12109 4.78992e-98 -0
-5.11816 8.9129e-98 -0
-5.11523 1.65705e-97 -0
-5.1123 3.07809e-97 -0
-5.10938 5.71286e-97 -0
-5.10645 1.05938e-96 -0
-5.10352 1.96282e-96 -0
-5.10059 3.63357e-96 -0
-5.09766 6.7207e-96 -0
-5.09473 1.242e-95 -0
-5.0918 2.29329e-95 -0
-5.08887 4.23079e-95 -0
-5.08594 7.7985e-95 -0
-5.08301 1.43624e-94 -0
-5.08008 2.64285e-94 -0
-5.07715 4.85897e-94 -0
-5.07422 8.92573e-94 -0
-5.07129 1.63821e-93 -0
-5.06836 3.00416e-93 -0
-5.06543 5.50432e-93 -0
-5.0625 1.00766e-92 -0
-5.05957 1.84309e-92 -0
-5.05664 3.36829e-92 -0
-5.05371 6.15034e-92 -0
-5.05078 1.12206e-91 -0
-5.04785 2.04532e-91 -0
-5.04492 3.72505e-91 -0
-5.04199 6.77845e-91 -0
-5.03906 1.23241e-90 -0
-5.03613 2.23877e-90 -0
-5.0332 4.0634e-90 -0
-5.03027 7.36881e-90 -0
-5.02734 1.33516e-89 -0
-5.02441 2.4171e-89 -0
-5.02148 4.37204e-89 -0
-5.01855 7.90134e-89 -0
-5.01562 1.42674e-88 -0
-5.0127 2.57404e-88 -0
-5.00977 4.63996e-88 -0
-5.00684 8.35679e-88 -0
-5.00391 1.50381e-87 -0
-5.00098 2.70379e-87 -0
-4.99805 4.85713e-87 -0
-4.99512 8.71795e-87 -0
-4.99219 1.56342e-86 -0
-4.98926 2.80133e-86 -0
-4.98633 5.01512e-86 -0
-4.9834 8.97067e-86 -0
-4.98047 1.60323e-85 -0
-4.97754 2.86282e-85 -0
-4.97461 5.10762e-85 -0
-4.97168 9.10482e-85 -0
-4.96875 1.62163e-84 -0
-4.96582 2.88574e-84 -0
-4.96289 5.13088e-84 -0
-4.95996 9.11493e-84 -0
-4.95703 1.61786e-83 -0
-4.9541 2.86918e-83 -0
-4.95117 5.08395e-83 -0
-4.94824 9.0006e-83 -0
-4.94531 1.5921e-82 -0
-4.94238 2.81381e-82 -0
-4.93945 4.96874e-82 -0
-4.93652 8.76649e-82 -0
-4.93359 1.54537e-81 -0
-4.93066 2.72186e-81 -0
-4.92773 4.78991e-81 -0
-4.9248 8.42201e-81 -0
-4.92188 1.47956e-80 -0
-4.91895 2.59701e-80 -0
-4.91602 4.55454e-80 -0
-4.91309 7.98071e-80 -0
-4.91016 1.39722e-79 -0
-4.90723 2.44409e-79 -0
-4.9043 4.27166e-79 -0
-4.90137 7.45939e-79 -0
-4.89844 1.30148e-78 -0
-4.89551 2.26881e-78 -0
-4.89258 3.95171e-78 -0
-4.88965 6.87703e-78 -0
-4.88672 1.19576e-77 -0
-4.88379 2.07737e-77 -0
-4.88086 3.60587e-77 -0
-4.87793 6.25366e-77 -0
-4.875 1.08364e-76 -0
-4.87207 1.87614e-76 -0
-4.86914 3.24542e-76 -0
-4.86621 5.60923e-76 -0
-4.86328 9.68643e-76 -0
-4.86035 1.67129e-75 -0
-4.85742 2.88115e-75 -0
-4.85449 4.96259e-75 -0
-4.85156 8.5404e-75 -0
-4.84863 1.4685e-74 -0
-4.8457 2.52289e-74 -0
-4.84277 4.33062e-74 -0
-4.83984 7.42725e-74 -0
-4.83691 1.27272e-73 -0
-4.83398 2.17905e-73 -0
-4.83105 3.72758e-73 -0
-4.82812 6.37109e-73 -0
-4.8252 1.088e-72 -0
-4.82227 1.85639e-72 -0
-4.81934 3.16475e-72 -0
-4.81641 5.39058e-72 -0
-4.81348 9.17401e-72 -0
-4.81055 1.55995e-71 -0
-4.80762 2.65026e-71 -0
-4.80469 4.49877e-71 -0
-4.80176 7.63002e-71 -0
-4.79883 1.29296e-70 -0
-4.7959 2.18914e-70 -0
-4.79297 3.70328e-70 -0
-4.79004 6.25934e-70 -0
-4.78711 1.05705e-69 -0
-4.78418 1.78358e-69 -0
-4.78125 3.00688e-69 -0
-4.77832 5.06485e-69 -0
-4.77539 8.52402e-69 -0
-4.77246 1.43334e-68 -0
-4.76953 2.40814e-68 -0
-4.7666 4.04242e-68 -0
-4.76367 6.77997e-68 -0
-4.76074 1.13617e-67 -0
-4.75781 1.90232e-67 -0
-4.75488 3.18237e-67 -0
-4.75195 5.3192e-67 -0
-4.74902 8.8832e-67 -0
-4.74609 1.48224e-66 -0
-4.74316 2.47114e-66 -0
-4.74023 4.11625e-66 -0
-4.7373 6.85068e-66 -0
-4.73438 1.13918e-65 -0
-4.73145 1.89269e-65 -0
-4.72852 3.1419e-65 -0
-4.72559 5.21115e-65 -0
-4.72266 8.63577e-65 -0
-4.71973 1.42987e-64 -0
-4.7168 2.36548e-64 -0
-4.71387 3.90993e-64 -0
-4.71094 6.45722e-64 -0
-4.70801 1.06549e-63 -0
-4.70508 1.75664e-63 -0
-4.70215 2.89361e-63 -0
-4.69922 4.76241e-63 -0
-4.69629 7.8314e-63 -0
-4.69336 1.28671e-62 -0
-4.69043 2.11226e-62 -0
-4.6875 3.46452e-62 -0
-4.68457 5.6776e-62 -0
-4.68164 9.29639e-62 -0
-4.67871 1.52087e-61 -0
-4.67578 2.48596e-61 -0
-4.67285 4.06e-61 -0
-4.66992 6.62498e-61 -0
-4.66699 1.08012e-60 -0
-4.66406 1.75947e-60 -0
-4.66113 2.86367e-60 -0
-4.6582 4.65683e-60 -0
-4.65527 7.56633e-60 -0
-4.65234 1.22831e-59 -0
-4.64941 1.99231e-59 -0
-4.64648 3.22874e-59 -0
-4.64355 5.22801e-59 -0
-4.64062 8.45799e-59 -0
-4.6377 1.36718e-58 -0
-4.63477 2.20806e-58 -0
-4.63184 3.56306e-58 -0
-4.62891 5.74464e-58 -0
-4.62598 9.254e-58 -0
-4.62305 1.48944e-57 -0
-4.62012 2.39522e-57 -0
-4.61719 3.84852e-57 -0
-4.61426 6.17832e-57 -0
-4.61133 9.91e-57 -0
-4.6084 1.5882e-56 -0
-4.60547 2.54309e-56 -0
-4.60254 4.06862e-56 -0
-4.59961 6.50368e-56 -0
-4.59668 1.03872e-55 -0
-4.59375 1.65754e-55 -0
-4.59082 2.64277e-55 -0
-4.58789 4.20998e-55 -0
-4.58496 6.70083e-55 -0
-4.58203 1.06562e-54 -0
-4.5791 1.6932e-54 -0
-4.57617 2.68805e-54 -0
-4.57324 4.26378e-54 -0
-4.57031 6.7574e-54 -0
-4.56738 1.07002e-53 -0
-4.56445 1.6929e-53 -0
-4.56152 2.67607e-53 -0
-4.55859 4.22659e-53 -0
-4.55566 6.66978e-53 -0
-4.55273 1.05162e-52 -0
-4.5498 1.65666e-52 -0
-4.54688 2.60758e-52 -0
-4.54395 4.10079e-52 -0
-4.54102 6.44353e-52 -0
-4.53809 1.0116e-51 -0
-4.53516 1.58679e-51 -0
-4.53223 2.4869e-51 -0
-4.5293 3.89426e-51 -0
-4.52637 6.09282e-51 -0
-4.52344 9.52442e-51 -0
-4.52051 1.4876e-50 -0
-4.51758 2.32146e-50 -0
-4.51465 3.61962e-50 -0
-4.51172 5.63888e-50 -0
-4.50879 8.77707e-50 -0
-4.50586 1.365e-49 -0
-4.50293 2.12102e-49 -0
-4.5 3.29294e-49 -0
-4.49707 5.10798e-49 -0
-4.49414 7.91666e-49 -0
-4.49121 1.22592e-48 -0
-4.48828 1.89675e-48 -0
-4.48535 2.93214e-48 -0
-4.48242 4.52883e-48 -0
-4.47949 6.989e-48 -0
-4.47656 1.07763e-47 -0
-4.47363 1.66018e-47 -0
-4.4707 2.55544e-47 -0
-4.46777 3.93011e-47 -0
-4.46484 6.03906e-47 -0
-4.46191 9.27176e-47 -0
-4.45898 1.42227e-46 -0
-4.45605 2.17986e-46 -0
-4.45312 3.33813e-46 -0
-4.4502 5.10746e-46 -0
-4.44727 7.80789e-46 -0
-4.44434 1.19259e-45 -0
-4.44141 1.82001e-45 -0
-4.43848 2.77513e-45 -0
-4.43555 4.22787e-45 -0
-4.43262 6.43556e-45 -0
-4.42969 9.78765e-45 -0
-4.42676 1.4873e-44 -0
-4.42383 2.25811e-44 -0
-4.4209 3.42546e-44 -0
-4.41797 5.19183e-44 -0
-4.41504 7.86228e-44 -0
-4.41211 1.18961e-43 -0
-4.40918 1.7984e-43 -0
-4.40625 2.71642e-43 -0
-4.40332 4.09954e-43 -0
-4.40039 6.18158e-43 -0
-4.39746 9.31304e-43 -0
-4.39453 1.40188e-42 -0
-4.3916 2.10842e-42 -0
-4.38867 3.16833e-42 -0
-4.38574 4.75698e-42 -0
-4.38281 7.13608e-42 -0
-4.37988 1.06958e-41 -0
-4.37695 1.60176e-41 -0
-4.37402 2.39667e-41 -0
-4.37109 3.58298e-41 -0
-4.36816 5.35191e-41 -0
-4.36523 7.98731e-41 -0
-4.3623 1.19102e-40 -0
-4.35938 1.77446e-40 -0
-4.35645 2.64143e-40 -0
-4.35352 3.92861e-40 -0
-4.35059 5.83804e-40 -0
-4.34766 8.66806e-40 -0
-4.34473 1.28589e-39 -0
-4.3418 1.90596e-39 -0
-4.33887 2.82261e-39 -0
-4.33594 4.17652e-39 -0
-4.33301 6.17456e-39 -0
-4.33008 9.12062e-39 -0
-4.32715 1.34608e-38 -0
-4.32422 1.98492e-38 -0
-4.32129 2.92444e-38 -0
-4.31836 4.30498e-38 -0
-4.31543 6.33177e-38 -0
-4.3125 9.30481e-38 -0
-4.30957 1.36621e-37 -0
-4.30664 2.00425e-37 -0
-4.30371 2.93776e-37 -0
-4.30078 4.30237e-37 -0
-4.29785 6.29543e-37 -0
-4.29492 9.20388e-37 -0
-4.29199 1.34445e-36 -0
-4.28906 1.9622e-36 -0
-4.28613 2.86135e-36 -0
-4.2832 4.16893e-36 -0
-4.28027 6.06885e-36 -0
-4.27734 8.82705e-36 -0
-4.27441 1.28278e-35 -0
-4.27148 1.86258e-35 -0
-4.26855 2.70213e-35 -0
-4.26562 3.91673e-35 -0
-4.2627 5.67242e-35 -0
-4.25977 8.20806e-35 -0
-4.25684 1.1867e-34 -0
-4.25391 1.71422e-34 -0
-4.25098 2.47412e-34 -0
-4.24805 3.56781e-34 -0
-4.24512 5.14056e-34 -0
-4.24219 7.40025e-34 -0
-4.23926 1.06441e-33 -0
-4.23633 1.52968e-33 -0
-4.2334 2.19643e-33 -0
-4.23047 3.1511e-33 -0
-4.22754 4.51683e-33 -0
-4.22461 6.46894e-33 -0
-4.22168 9.25677e-33 -0
-4.21875 1.32347e-32 -0
-4.21582 1.89058e-32 -0
-4.21289 2.69837e-32 -0
-4.20996 3.84802e-32 -0
-4.20703 5.48277e-32 -0
-4.2041 7.80531e-32 -0
-4.20117 1.11022e-31 -0
-4.19824 1.5778e-31 -0
-4.19531 2.24039e-31 -0
-4.19238 3.1785e-31 -0
-4.18945 4.50556e-31 -0
-4.18652 6.38119e-31 -0
-4.18359 9.02989e-31 -0
-4.18066 1.2767e-30 -0
-4.17773 1.80354e-30 -0
-4.1748 2.54558e-30 -0
-4.17188 3.58986e-30 -0
-4.16895 5.05817e-30 -0
-4.16602 7.12095e-30 -0
-4.16309 1.00163e-29 -0
-4.16016 1.40769e-29 -0
-4.15723 1.97667e-29 -0
-4.1543 2.77323e-29 -0
-4.15137 3.88747e-29 -0
-4.14844 5.4447e-29 -0
-4.14551 7.61919e-29 -0
-4.14258 1.0653e-28 -0
-4.13965 1.4882e-28 -0
-4.13672 2.07719e-28 -0
-4.13379 2.89681e-28 -0
-4.13086 4.03637e-28 -0
-4.12793 5.61939e-28 -0
-4.125 7.81655e-28 -0
-4.12207 1.08634e-27 -0
-4.11914 1.50851e-27 -0
-4.11621 2.09293e-27 -0
-4.11328 2.90128e-27 -0
-4.11035 4.01838e-27 -0
-4.10742 5.56083e-27 -0
-4.10449 7.68875e-27 -0
-4.10156 1.06218e-26 -0
-4.09863 1.46612e-26 -0
-4.0957 2.02194e-26 -0
-4.09277 2.78607e-26 -0
-4.08984 3.8357e-26 -0
-4.08691 5.27624e-26 -0
-4.08398 7.25156e-26 -0
-4.08105 9.95784e-26 -0
-4.07812 1.36624e-25 -0
-4.0752 1.8729e-25 -0
-4.07227 2.56526e-25 -0
-4.06934 3.51054e-25 -0
-4.06641 4.80003e-25 -0
-4.06348 6.55755e-25 -0
-4.06055 8.9509e-25 -0
-4.05762 1.22073e-24 -0
-4.05469 1.6634e-24 -0
-4.05176 2.26467e-24 -0
-4.04883 3.08062e-24 -0
-4.0459 4.18696e-24 -0
-4.04297 5.68574e-24 -0
-4.04004 7.71441e-24 -0
-4.03711 1.04579e-23 -0
-4.03418 1.4165e-23 -0
-4.03125 1.91696e-23 -0
-4.02832 2.59201e-23 -0
-4.02539 3.50178e-23 -0
-4.02246 4.7268e-23 -0
-4.01953 6.3749e-23 -0
-4.0166 8.59027e-23 -0
-4.01367 1.15656e-22 -0
-4.01074 1.55581e-22 -0
-4.00781 2.09108e-22 -0
-4.00488 2.8081e-22 -0
-4.00195 3.76775e-22 -0
-3.99902 5.05102e-22 -0
-3.99609 6.76555e-22 -0
-3.99316 9.0543e-22 -0
-3.99023 1.21069e-21 -0
-3.9873 1.61748e-21 -0
-3.98438 2.1591e-21 -0
-3.98145 2.8796e-21 -0
-3.97852 3.83725e-21 -0
-3.97559 5.10899e-21 -0
-3.97266 6.79637e-21 -0
-3.96973 9.03329e-21 -0
-3.9668 1.19962e-20 -0
-3.96387 1.59172e-20 -0
-3.96094 2.11017e-20 -0
-3.95801 2.79509e-20 -0
-3.95508 3.69914e-20 -0
-3.95215 4.8914e-20 -0
-3.94922 6.4624e-20 -0
-3.94629 8.53062e-20 -0
-3.94336 1.12511e-19 -0
-3.94043 1.48264e-19 -0
-3.9375 1.95212e-19 -0
-3.93457 2.56804e-19 -0
-3.93164 3.3754e-19 -0
-3.92871 4.43278e-19 -0
-3.92578 5.8164e-19 -0
-3.92285 7.62534e-19 -0
-3.91992 9.9883e-19 -0
-3.91699 1.30723e-18 -0
-3.91406 1.70938e-18 -0
-3.91113 2.23333e-18 -0
-3.9082 2.91537e-18 -0
-3.90527 3.80244e-18 -0
-3.90234 4.95516e-18 -0
-3.89941 6.4518e-18 -0
-3.89648 8.39327e-18 -0
-3.89355 1.09096e-17 -0
-3.89062 1.41682e-17 -0
-3.8877 1.83842e-17 -0
-3.88477 2.38344e-17 -0
-3.88184 3.08739e-17 -0
-3.87891 3.99581e-17 -0
-3.87598 5.16709e-17 -0
-3.87305 6.67597e-17 -0
-3.87012 8.61807e-17 -0
-3.86719 1.11156e-16 -0
-3.86426 1.43246e-16 -0
-3.86133 1.84442e-16 -0
-3.8584 2.37282e-16 -0
-3.85547 3.04997e-16 -0
-3.85254 3.91701e-16 -0
-3.84961 5.02621e-16 -0
-3.84668 6.44398e-16 -0
-3.84375 8.25458e-16 -0
-3.84082 1.05648e-15 -0
-3.83789 1.35101e-15 -0
-3.83496 1.72616e-15 -0
-3.83203 2.20359e-15 -0
-3.8291 2.81065e-15 -0
-3.82617 3.58188e-15 -0
-3.82324 4.56082e-15 -0
-3.82031 5.80231e-15 -0
-3.81738 7.37542e-15 -0
-3.81445 9.36699e-15 -0
-3.81152 1.18861e-14 -0
-3.80859 1.50698e-14 -0
-3.80566 1.90899e-14 -0
-3.80273 2.41616e-14 -0
-3.7998 3.05544e-14 -0
-3.79688 3.86056e-14 -0
-3.79395 4.87365e-14 -0
-3.79102 6.14732e-14 -0
-3.78809 7.74718e-14 -0
-3.78516 9.75504e-14 -0
-3.78223 1.22728e-13 -0
-3.7793 1.5427e-13 -0
-3.77637 1.93753e-13 -0
-3.77344 2.43133e-13 -0
-3.77051 3.04835e-13 -0
-3.76758 3.81869e-13 -0
-3.76465 4.77959e-13 -0
-3.76172 5.97715e-13 -0
-3.75879 7.46835e-13 -0
-3.75586 9.32358e-13 -0
-3.75293 1.16297e-12 -0
-3.75 1.44937e-12 -0
-3.74707 1.80476e-12 -0
-3.74414 2.24536e-12 -0
-3.74121 2.79114e-12 -0
-3.73828 3.46659e-12 -0
-3.73535 4.30181e-12 -0
-3.73242 5.33368e-12 -0
-3.72949 6.60739e-12 -0
-3.72656 8.17825e-12 -0
-3.72363 1.01139e-11 -0
-3.7207 1.24969e-11 -0
-3.71777 1.54282e-11 -0
-3.71484 1.90307e-11 -0
-3.71191 2.34542e-11 -0
-3.70898 2.88811e-11 -0
-3.70605 3.55333e-11 -0
-3.70312 4.36801e-11 -0
-3.7002 5.36487e-11 -0
-3.69727 6.58358e-11 -0
-3.69434 8.0722e-11 -0
-3.69141 9.88893e-11 -0
-3.68848 1.21041e-10 -0
-3.68555 1.48029e-10 -0
-3.68262 1.80877e-10 -0
-3.67969 2.20826e-10 -0
-3.67676 2.69367e-10 -0
-3.67383 3.28295e-10 -0
-3.6709 3.99772e-10 -0
-3.66797 4.86394e-10 -0
-3.66504 5.91276e-10 -0
-3.66211 7.18158e-10 -0
-3.65918 8.71519e-10 -0
-3.65625 1.05672e-09 -0
-3.65332 1.28018e-09 -0
-3.65039 1.54957e-09 -0
-3.64746 1.87403e-09 -0
-3.64453 2.26449e-09 -0
-3.6416 2.73395e-09 -0
-3.63867 3.29791e-09 -0
-3.63574 3.97478e-09 -0
-3.63281 4.78647e-09 -0
-3.62988 5.75897e-09 -0
-3.62695 6.92311e-09 -0
-3.62402 8.31543e-09 -0
-3.62109 9.97921e-09 -0
-3.61816 1.19656e-08 -0
-3.61523 1.43351e-08 -0
-3.6123 1.7159e-08 -0
-3.60938 2.05217e-08 -0
-3.60645 2.45222e-08 -0
-3.60352 2.92775e-08 -0
-3.60059 3.4925e-08 -0
-3.59766 4.16261e-08 -0
-3.59473 4.95703e-08 -0
-3.5918 5.898e-08 -0
-3.58887 7.01158e-08 -0
-3.58594 8.32825e-08 -0
-3.58301 9.88368e-08 -0
-3.58008 1.17196e-07 -0
-3.57715 1.38845e-07 -0
-3.57422 1.64353e-07 -0
-3.57129 1.9438e-07 -0
-3.56836 2.29696e-07 -0
-3.56543 2.71195e-07 -0
-3.5625 3.19918e-07 -0
-3.55957 3.77069e-07 -0
-3.55664 4.4405e-07 -0
-3.55371 5.2248e-07 -0
-3.55078 6.14234e-07 -0
-3.54785 7.21483e-07 -0
-3.54492 8.46731e-07 -0
-3.54199 9.9287e-07 -0
-3.53906 1.16323e-06 -0
-3.53613 1.36166e-06 -0
-3.5332 1.59256e-06 -0
-3.53027 1.86102e-06 -0
-3.52734 2.17287e-06 -0
-3.52441 2.5348e-06 -0
-3.52148 2.95448e-06 -0
-3.51855 3.44069e-06 -0
-3.51562 4.00348e-06 -0
-3.5127 4.65432e-06 -0
-3.50977 5.40633e-06 -0
-3.50684 6.27446e-06 -0
-3.50391 7.27574e-06 -0
-3.50098 8.42956e-06 -0
-3.49805 9.75799e-06 -0
-3.49512 1.12861e-05 -0
-3.49219 1.30422e-05 -0
-3.48926 1.50588e-05 -0
-3.48633 1.73722e-05 -0
-3.4834 2.00237e-05 -0
-3.48047 2.30602e-05 -0
-3.47754 2.65344e-05 -0
-3.47461 3.05058e-05 -0
-3.47168 3.50415e-05 -0
-3.46875 4.02171e-05 -0
-3.46582 4.61175e-05 -0
-3.46289 5.28382e-05 -0
-3.45996 6.04863e-05 -0
-3.45703 6.91821e-05 -0
-3.4541 7.90602e-05 -0
-3.45117 9.02711e-05 -0
-3.44824 0.000102983 -0
-3.44531 0.000117385 -0
-3.44238 0.000133686 -0
-3.43945 0.00015212 -0
-3.43652 0.000172947 -0
-3.43359 0.000196457 -0
-3.43066 0.000222971 -0
-3.42773 0.000252847 -0
-3.4248 0.00028648 -0
-3.42188 0.000324308 -0
-3.41895 0.000366817 -0
-3.41602 0.00041454 -0
-3.41309 0.000468071 -0
-3.41016 0.000528062 -0
-3.40723 0.000595229 -0
-3.4043 0.000670365 -0
-3.40137 0.000754337 -0
-3.39844 0.0008481 -0
-3.39551 0.000952699 -0
-3.39258 0.00106928 -0
-3.38965 0.0011991 -0
-3.38672 0.00134352 -0
-3.38379 0.00150405 -0
-3.38086 0.00168232 -0
-3.37793 0.0018801 -0
-3.375 0.00209932 -0
-3.37207 0.0023421 -0
-3.36914 0.00261072 -0
-3.36621 0.00290764 -0
-3.36328 0.00323556 -0
-3.36035 0.00359737 -0
-3.35742 0.00399621 -0
-3.35449 0.00443545 -0
-3.35156 0.00491876 -0
-3.34863 0.00545004 -0
-3.3457 0.00603353 -0
-3.34277 0.00667376 -0
-3.33984 0.0073756 -0
-3.33691 0.00814424 -0
-3.33398 0.00898528 -0
-3.33105 0.00990466 -0
-3.32812 0.0109087 -0
-3.3252 0.0120043 -0
-3.32227 0.0131986 -0
-3.31934 0.0144992 -0
-3.31641 0.0159143 -0
-3.31348 0.0174526 -0
-3.31055 0.0191231 -0
-3.30762 0.0209355 -0
-3.30469 0.0229001 -0
-3.30176 0.0250275 -0
-3.29883 0.0273291 -0
-3.2959 0.0298168 -0
-3.29297 0.032503 -0
-3.29004 0.0354007 -0
-3.28711 0.0385238 -0
-3.28418 0.0418864 -0
-3.28125 0.0455034 -0
-3.27832 0.0493904 -0
-3.27539 0.0535634 -0
-3.27246 0.0580391 -0
-3.26953 0.0628349 -0
-3.2666 0.0679686 -0
-3.26367 0.0734586 -0
-3.26074 0.079324 -0
-3.25781 0.0855842 -0
-3.25488 0.0922593 -0
-3.25195 0.0993696 -0
-3.24902 0.106936 -0
-3.24609 0.11498 -0
-3.24316 0.123523 -0
-3.24023 0.132587 -0
-3.2373 0.142194 -0
-3.23438 0.152366 -0
-3.23145 0.163125 -0
-3.22852 0.174495 -0
-3.22559 0.186497 -0
-3.22266 0.199153 -0
-3.21973 0.212486 -0
-3.2168 0.226517 -0
-3.21387 0.241268 -0
-3.21094 0.256758 -0
-3.20801 0.273008 -0
-3.20508 0.290038 -0
-3.20215 0.307866 -0
-3.19922 0.32651 -0
-3.19629 0.345985 -0
-3.19336 0.366307 -0
-3.19043 0.387491 -0
-3.1875 0.409547 -0
-3.18457 0.432488 -0
-3.18164 0.456322 -0
-3.17871 0.481057 -0
-3.17578 0.506697 -0
-3.17285 0.533246 -0
-3.16992 0.560704 -0
-3.16699 0.58907 -0
-3.16406 0.618341 -0
-3.16113 0.648509 -0
-3.1582 0.679566 -0
-3.15527 0.711499 -0
-3.15234 0.744293 -0
-3.14941 0.777931 -0
-3.14648 0.812391 -0
-3.14355 0.84765 -0
-3.14062 0.883681 -0
-3.1377 0.920453 -0
-3.13477 0.957932 -0
-3.13184 0.996082 -0
-3.12891 1.03486 -0
-3.12598 1.07423 -0
-3.12305 1.11414 -0
-3.12012 1.15454 -0
-3.11719 1.19538 -0
-3.11426 1.2366 -0
-3.11133 1.27815 -0
-3.1084 1.31996 -0
-3.10547 1.36196 -0
-3.10254 1.4041 -0
-3.09961 1.4463 -0
-3.09668 1.48849 -0
-3.09375 1.5306 -0
-3.09082 1.57254 -0
-3.08789 1.61425 -0
-3.08496 1.65565 -0
-3.08203 1.69665 -0
-3.0791 1.73717 -0
-3.07617 1.77713 -0
-3.07324 1.81646 -0
-3.07031 1.85506 -0
-3.06738 1.89286 -0
-3.06445 1.92977 -0
-3.06152 1.96571 -0
-3.05859 2.0006 -0
-3.05566 2.03437 -0
-3.05273 2.06693 -0
-3.0498 2.09821 -0
-3.04688 2.12814 -0
-3.04395 2.15664 -0
-3.04102 2.18365 -0
-3.03809 2.2091 -0
-3.03516 2.23292 -0
-3.03223 2.25507 -0
-3.0293 2.27549 -0
-3.02637 2.29412 -0
-3.02344 2.31092 -0
-3.02051 2.32584 -0
-3.01758 2.33885 -0
-3.01465 2.34992 -0
-3.01172 2.35901 -0
-3.00879 2.36611 -0
-3.00586 2.37119 -0
-3.00293 2.37425 -0
-3 2.37527 -0
-2.99707 2.37425 -0
-2.99414 2.37119 -0
-2.99121 2.36611 -0
-2.98828 2.35901 -0
-2.98535 2.34992 -0
-2.98242 2.33885 -0
-2.97949 2.32584 -0
-2.97656 2.31092 -0
-2.97363 2.29412 -0
-2.9707 2.27549 -0
-2.96777 2.25507 -0
-2.96484 2.23292 -0
-2.96191 2.2091 -0
-2.95898 2.18365 -0
-2.95605 2.15664 -0
-2.95312 2.12814 -0
-2.9502 2.09821 -0
-2.94727 2.06693 -0
-2.94434 2.03437 -0
-2.94141 2.0006 -0
-2.93848 1.96571 -0
-2.93555 1.92977 -0
-2.93262 1.89286 -0
-2.92969 1.85506 -0
-2.92676 1.81646 -0
-2.92383 1.77713 -0
-2.9209 1.73717 -0
-2.91797 1.69665 -0
-2.91504 1.65565 -0
-2.91211 1.61425 -0
-2.90918 1.57254 -0
-2.90625 1.5306 -0
-2.90332 1.48849 -0
-2.90039 1.4463 -0
-2.89746 1.4041 -0
-2.89453 1.36196 -0
-2.8916 1.31996 -0
-2.88867 1.27815 -0
-2.88574 1.2366 -0
-2.88281 1.19538 -0
-2.87988 1.15454 -0
-2.87695 1.11414 -0
-2.87402 1.07423 -0
-2.87109 1.03486 -0
-2.86816 0.996082 -0
-2.86523 0.957932 -0
-2.8623 0.920453 -0
-2.85938 0.883681 -0
-2.85645 0.84765 -0
-2.85352 0.812391 -0
-2.85059 0.777931 -0
-2.84766 0.744293 -0
-2.84473 0.711499 -0
-2.8418 0.679566 -0
-2.83887 0.648509 -0
-2.83594 0.618341 -0
-2.83301 0.58907 -0
-2.83008 0.560704 -0
-2.82715 0.533246 -0
-2.82422 0.506697 -0
-2.82129 0.481057 -0
-2.81836 0.456322 -0
-2.81543 0.432488 -0
-2.8125 0.409547 -0
-2.80957 0.387491 -0
-2.80664 0.366307 -0
-2.80371 0.345985 -0
-2.80078 0.32651 -0
-2.79785 0.307866 -0
-2.79492 0.290038 -0
-2.79199 0.273008 -0
-2.78906 0.256758 -0
-2.78613 0.241268 -0
-2.7832 0.226517 -0
-2.78027 0.212486 -0
-2.77734 0.199153 -0
-2.77441 0.186497 -0
-2.77148 0.174495 -0
-2.76855 0.163125 -0
-2.76562 0.152366 -0
-2.7627 0.142194 -0
-2.75977 0.132587 -0
-2.75684 0.123523 -0
-2.75391 0.11498 -0
-2.75098 0.106936 -0
-2.74805 0.0993696 -0
-2.74512 0.0922593 -0
-2.74219 0.0855842 -0
-2.73926 0.079324 -0
-2.73633 0.0734586 -0
-2.7334 0.0679686 -0
-2.73047 0.0628349 -0
-2.72754 0.0580391 -0
-2.72461 0.0535634 -0
-2.72168 0.0493904 -0
-2.71875 0.0455034 -0
-2.71582 0.0418864 -0
-2.71289 0.0385238 -0
-2.70996 0.0354007 -0
-2.70703 0.032503 -0
-2.7041 0.0298168 -0
-2.70117 0.0273291 -0
-2.69824 0.0250275 -0
-2.69531 0.0229001 -0
-2.69238 0.0209355 -0
-2.68945 0.0191231 -0
-2.68652 0.0174526 -0
-2.68359 0.0159143 -0
-2.68066 0.0144992 -0
-2.67773 0.0131986 -0
-2.6748 0.0120043 -0
-2.67188 0.0109087 -0
-2.66895 0.00990466 -0
-2.66602 0.00898528 -0
-2.66309 0.00814424 -0
-2.66016 0.0073756 -0
-2.65723 0.00667376 -0
-2.6543 0.00603353 -0
-2.65137 0.00545004 -0
-2.64844 0.00491876 -0
-2.64551 0.00443545 -0
-2.64258 0.00399621 -0
-2.63965 0.00359737 -0
-2.63672 0.00323556 -0
-2.63379 0.00290764 -0
-2.63086 0.00261072 -0
-2.62793 0.0023421 -0
-2.625 0.00209932 -0
-2.62207 0.0018801 -0
-2.61914 0.00168232 -0
-2.61621 0.00150405 -0
-2.61328 0.00134352 -0
-2.61035 0.0011991 -0
-2.60742 0.00106928 -0
-2.60449 0.000952699 -0
-2.60156 0.0008481 -0
-2.59863 0.000754337 -0
-2.5957 0.000670365 -0
-2.59277 0.000595229 -0
-2.58984 0.000528062 -0
-2.58691 0.000468071 -0
-2.58398 0.00041454 -0
-2.58105 0.000366817 -0
-2.57812 0.000324308 -0
-2.5752 0.00028648 -0
-2.57227 0.000252847 -0
-2.56934 0.000222971 -0
-2.56641 0.000196457 -0
-2.56348 0.000172947 -0
-2.56055 0.00015212 -0
-2.55762 0.000133686 -0
-2.55469 0.000117385 -0
-2.55176 0.000102983 -0
-2.54883 9.02711e-05 -0
-2.5459 7.90602e-05 -0
-2.54297 6.91821e-05 -0
-2.54004 6.04863e-05 -0
-2.53711 5.28382e-05 -0
-2.53418 4.61175e-05 -0
-2.53125 4.02171e-05 -0
-2.52832 3.50415e-05 -0
-2.52539 3.05058e-05 -0
-2.52246 2.65344e-05 -0
-2.51953 2.30602e-05 -0
-2.5166 2.00237e-05 -0
-2.51367 1.73722e-05 -0
-2.51074 1.50588e-05 -0
-2.50781 1.30422e-05 -0
-2.50488 1.12861e-05 -0
-2.50195 9.75799e-06 -0
-2.49902 8.42956e-06 -0
-2.49609 7.27574e-06 -0
-2.49316 6.27446e-06 -0
-2.49023 5.40633e-06 -0
-2.4873 4.65432e-06 -0
-2.48438 4.00348e-06 -0
-2.48145 3.44069e-06 -0
-2.47852 2.95448e-06 -0
-2.47559 2.5348e-06 -0
-2.47266 2.17287e-06 -0
-2.46973 1.86102e-06 -0
-2.4668 1.59256e-06 -0
-2.46387 1.36166e-06 -0
-2.46094 1.16323e-06 -0
-2.45801 9.9287e-07 -0
-2.45508 8.46731e-07 -0
-2.45215 7.21483e-07 -0
-2.44922 6.14234e-07 -0
-2.44629 5.2248e-07 -0
-2.44336 4.4405e-07 -0
-2.44043 3.77069e-07 -0
-2.4375 3.19918e-07 -0
-2.43457 2.71195e-07 -0
-2.43164 2.29696e-07 -0
-2.42871 1.9438e-07 -0
-2.42578 1.64353e-07 -0
-2.42285 1.38845e-07 -0
-2.41992 1.17196e-07 -0
-2.41699 9.88368e-08 -0
-2.41406 8.32825e-08 -0
-2.41113 7.01158e-08 -0
-2.4082 5.898e-08 -0
-2.40527 4.95703e-08 -0
-2.40234 4.16261e-08 -0
-2.39941 3.4925e-08 -0
-2.39648 2.92775e-08 -0
-2.39355 2.45222e-08 -0
-2.39062 2.05217e-08 -0
-2.3877 1.7159e-08 -0
-2.38477 1.43351e-08 -0
-2.38184 1.19656e-08 -0
-2.37891 9.97921e-09 -0
-2.37598 8.31543e-09 -0
-2.37305 6.92311e-09 -0
-2.37012 5.75897e-09 -0
-2.36719 4.78647e-09 -0
-2.36426 3.97478e-09 -0
-2.36133 3.29791e-09 -0
-2.3584 2.73395e-09 -0
-2.35547 2.26449e-09 -0
-2.35254 1.87403e-09 -0
-2.34961 1.54957e-09 -0
-2.34668 1.28018e-09 -0
-2.34375 1.05672e-09 -0
-2.34082 8.71519e-10 -0
-2.33789 7.18158e-10 -0
-2.33496 5.91276e-10 -0
-2.33203 4.86394e-10 -0
-2.3291 3.99772e-10 -0
-2.32617 3.28295e-10 -0
-2.32324 2.69367e-10 -0
-2.32031 2.20826e-10 -0
-2.31738 1.80877e-10 -0
-2.31445 1.48029e-10 -0
-2.31152 1.21041e-10 -0
-2.30859 9.88893e-11 -0
-2.30566 8.0722e-11 -0
-2.30273 6.58358e-11 -0
-2.2998 5.36487e-11 -0
-2.29688 4.36801e-11 -0
-2.29395 3.55333e-11 -0
-2.29102 2.88811e-11 -0
-2.28809 2.34542e-11 -0
-2.28516 1.90307e-11 -0
-2.28223 1.54282e-11 -0
-2.2793 1.24969e-11 -0
-2.27637 1.01139e-11 -0
-2.27344 8.17825e-12 -0
-2.27051 6.60739e-12 -0
-2.26758 5.33368e-12 -0
-2.26465 4.30181e-12 -0
-2.26172 3.46659e-12 -0
-2.25879 2.79114e-12 -0
-2.25586 2.24536e-12 -0
-2.25293 1.80476e-12 -0
-2.25 1.44937e-12 -0
-2.24707 1.16297e-12 -0
-2.24414 9.32358e-13 -0
-2.24121 7.46835e-13 -0
-2.23828 5.97715e-13 -0
-2.23535 4.77959e-13 -0
-2.23242 3.81869e-13 -0
-2.22949 3.04835e-13 -0
-2.22656 2.43133e-13 -0
-2.22363 1.93753e-13 -0
-2.2207 1.5427e-13 -0
-2.21777 1.22728e-13 -0
-2.21484 9.75504e-14 -0
-2.21191 7.74718e-14 -0
-2.20898 6.14732e-14 -0
-2.20605 4.87365e-14 -0
-2.20312 3.86056e-14 -0
-2.2002 3.05544e-14 -0
-2.19727 2.41616e-14 -0
-2.19434 1.90899e-14 -0
-2.19141 1.50698e-14 -0
-2.18848 1.18861e-14 -0
-2.18555 9.36699e-15 -0
-2.18262 7.37542e-15 -0
-2.17969 5.80231e-15 -0
-2.17676 4.56082e-15 -0
-2.17383 3.58188e-15 -0
-2.1709 2.81065e-15 -0
-2.16797 2.20359e-15 -0
-2.16504 1.72616e-15 -0
-2.16211 1.35101e-15 -0
-2.15918 1.05648e-15 -0
-2.15625 8.25458e-16 -0
-2.15332 6.44398e-16 -0
-2.15039 5.02621e-16 -0
-2.14746 3.91701e-16 -0
-2.14453 3.04997e-16 -0
-2.1416 2.37282e-16 -0
-2.13867 1.84442e-16 -0
-2.13574 1.43246e-16 -0
-2.13281 1.11156e-16 -0
-2.12988 8.61807e-17 -0
-2.12695 6.67597e-17 -0
-2.12402 5.16709e-17 -0
-2.12109 3.99581e-17 -0
-2.11816 3.08739e-17 -0
-2.11523 2.38344e-17 -0
-2.1123 1.83842e-17 -0
-2.10938 1.41682e-17 -0
-2.10645 1.09096e-17 -0
-2.10352 8.39327e-18 -0
-2.10059 6.4518e-18 -0
-2.09766 4.95516e-18 -0
-2.09473 3.80244e-18 -0
-2.0918 2.91537e-18 -0
-2.08887 2.23333e-18 -0
-2.08594 1.70938e-18 -0
-2.08301 1.30723e-18 -0
-2.08008 9.9883e-19 -0
-2.07715 7.62534e-19 -0
-2.07422 5.8164e-19 -0
-2.07129 4.43278e-19 -0
-2.06836 3.3754e-19 -0
-2.06543 2.56804e-19 -0
-2.0625 1.95212e-19 -0
-2.05957 1.48264e-19 -0
-2.05664 1.12511e-19 -0
-2.05371 8.53062e-20 -0
-2.05078 6.4624e-20 -0
-2.04785 4.8914e-20 -0
-2.04492 3.69914e-20 -0
-2.04199 2.79509e-20 -0
-2.03906 2.11017e-20 -0
-2.03613 1.59172e-20 -0
-2.0332 1.19962e-20 -0
-2.03027 9.03329e-21 -0
-2.02734 6.79637e-21 -0
-2.02441 5.10899e-21 -0
-2.02148 3.83725e-21 -0
-2.01855 2.8796e-21 -0
-2.01562 2.1591e-21 -0
-2.0127 1.61748e-21 -0
-2.00977 1.21069e-21 -0
-2.00684 9.0543e-22 -0
-2.00391 6.76555e-22 -0
-2.00098 5.05102e-22 -0
-1.99805 3.76775e-22 -0
-1.99512 2.8081e-22 -0
-1.99219 2.09108e-22 -0
-1.98926 1.55581e-22 -0
-1.98633 1.15656e-22 -0
-1.9834 8.59027e-23 -0
-1.98047 6.3749e-23 -0
-1.97754 4.7268e-23 -0
-1.97461 3.50178e-23 -0
-1.97168 2.59201e-23 -0
-1.96875 1.91696e-23 -0
-1.96582 1.4165e-23 -0
-1.96289 1.04579e-23 -0
-1.95996 7.71441e-24 -0
-1.95703 5.68574e-24 -0
-1.9541 4.18696e-24 -0
-1.95117 3.08062e-24 -0
-1.94824 2.26467e-24 -0
-1.94531 1.6634e-24 -0
-1.94238 1.22073e-24 -0
-1.93945 8.9509e-25 -0
-1.93652 6.55755e-25 -0
-1.93359 4.80003e-25 -0
-1.93066 3.51054e-25 -0
-1.92773 2.56526e-25 -0
-1.9248 1.8729e-25 -0
-1.92188 1.36624e-25 -0
-1.91895 9.95784e-26 -0
-1.91602 7.25156e-26 -0
-1.91309 5.27624e-26 -0
-1.91016 3.8357e-26 -0
-1.90723 2.78607e-26 -0
-1.9043 2.02194e-26 -0
-1.90137 1.46612e-26 -0
-1.89844 1.06218e-26 -0
-1.89551 7.68875e-27 -0
-1.89258 5.56083e-27 -0
-1.88965 4.01838e-27 -0
-1.88672 2.90128e-27 -0
-1.88379 2.09293e-27 -0
-1.88086 1.50851e-27 -0
-1.87793 1.08634e-27 -0
-1.875 7.81655e-28 -0
-1.87207 5.61939e-28 -0
-1.86914 4.03637e-28 -0
-1.86621 2.89681e-28 -0
-1.86328 2.07719e-28 -0
-1.86035 1.4882e-28 -0
-1.85742 1.0653e-28 -0
-1.85449 7.61919e-29 -0
-1.85156 5.4447e-29 -0
-1.84863 3.88747e-29 -0
-1.8457 2.77323e-29 -0
-1.84277 1.97667e-29 -0
-1.83984 1.40769e-29 -0
-1.83691 1.00163e-29 -0
-1.83398 7.12095e-30 -0
-1.83105 5.05817e-30 -0
-1.82812 3.58986e-30 -0
-1.8252 2.54558e-30 -0
-1.82227 1.80354e-30 -0
-1.81934 1.2767e-30 -0
-1.81641 9.02989e-31 -0
-1.81348 6.38119e-31 -0
-1.81055 4.50556e-31 -0
-1.80762 3.1785e-31 -0
-1.80469 2.24039e-31 -0
-1.80176 1.5778e-31 -0
-1.79883 1.11022e-31 -0
-1.7959 7.80531e-32 -0
-1.79297 5.48277e-32 -0
-1.79004 3.84802e-32 -0
-1.78711 2.69837e-32 -0
-1.78418 1.89058e-32 -0
-1.78125 1.32347e-32 -0
-1.77832 9.25677e-33 -0
-1.77539 6.46894e-33 -0
-1.77246 4.51683e-33 -0
-1.76953 3.1511e-33 -0
-1.7666 2.19643e-33 -0
-1.76367 1.52968e-33 -0
-1.76074 1.06441e-33 -0
-1.75781 7.40025e-34 -0
-1.75488 5.14056e-34 -0
-1.75195 3.56781e-34 -0
-1.74902 2.47412e-34 -0
-1.74609 1.71422e-34 -0
-1.74316 1.1867e-34 -0
-1.74023 8.20806e-35 -0
-1.7373 5.67242e-35 -0
-1.73438 3.91673e-35 -0
-1.73145 2.70213e-35 -0
-1.72852 1.86258e-35 -0
-1.72559 1.28278e-35 -0
-1.72266 8.82705e-36 -0
-1.71973 6.06885e-36 -0
-1.7168 4.16893e-36 -0
-1.71387 2.86135e-36 -0
-1.71094 1.9622e-36 -0
-1.70801 1.34445e-36 -0
-1.70508 9.20388e-37 -0
-1.70215 6.29543e-37 -0
-1.69922 4.30237e-37 -0
-1.69629 2.93776e-37 -0
-1.69336 2.00425e-37 -0
-1.69043 1.36621e-37 -0
-1.6875 9.30481e-38 -0
-1.68457 6.33177e-38 -0
-1.68164 4.30498e-38 -0
-1.67871 2.92444e-38 -0
-1.67578 1.98492e-38 -0
-1.67285 1.34608e-38 -0
-1.66992 9.12062e-39 -0
-1.66699 6.17456e-39 -0
-1.66406 4.17652e-39 -0
-1.66113 2.82261e-39 -0
-1.6582 1.90596e-39 -0
-1.65527 1.28589e-39 -0
-1.65234 8.66806e-40 -0
-1.64941 5.83804e-40 -0
-1.64648 3.92861e-40 -0
-1.64355 2.64143e-40 -0
-1.64062 1.77446e-40 -0
-1.6377 1.19102e-40 -0
-1.63477 7.98731e-41 -0
-1.63184 5.35191e-41 -0
-1.62891 3.58298e-41 -0
-1.62598 2.39667e-41 -0
-1.62305 1.60176e-41 -0
-1.62012 1.06958e-41 -0
-1.61719 7.13608e-42 -0
-1.61426 4.75698e-42 -0
-1.61133 3.16833e-42 -0
-1.6084 2.10842e-42 -0
-1.60547 1.40188e-42 -0
-1.60254 9.31304e-43 -0
-1.59961 6.18158e-43 -0
-1.59668 4.09954e-43 -0
-1.59375 2.71642e-43 -0
-1.59082 1.7984e-43 -0
-1.58789 1.18961e-43 -0
-1.58496 7.86228e-44 -0
-1.58203 5.19183e-44 -0
-1.5791 3.42546e-44 -0
-1.57617 2.25811e-44 -0
-1.57324 1.4873e-44 -0
-1.57031 9.78765e-45 -0
-1.56738 6.43556e-45 -0
-1.56445 4.22787e-45 -0
-1.56152 2.77513e-45 -0
-1.55859 1.82001e-45 -0
-1.55566 1.19259e-45 -0
-1.55273 7.80789e-46 -0
-1.5498 5.10746e-46 -0
-1.54688 3.33813e-46 -0
-1.54395 2.17986e-46 -0
-1.54102 1.42227e-46 -0
-1.53809 9.27176e-47 -0
-1.53516 6.03906e-47 -0
-1.53223 3.93011e-47 -0
-1.5293 2.55544e-47 -0
-1.52637 1.66018e-47 -0
-1.52344 1.07763e-47 -0
-1.52051 6.989e-48 -0
-1.51758 4.52883e-48 -0
-1.51465 2.93214e-48 -0
-1.51172 1.89675e-48 -0
-1.50879 1.22592e-48 -0
-1.50586 7.91666e-49 -0
-1.50293 5.10798e-49 -0
-1.5 3.29294e-49 -0
-1.49707 2.12102e-49 -0
-1.49414 1.365e-49 -0
-1.49121 8.77707e-50 -0
-1.48828 5.63888e-50 -0
-1.48535 3.61962e-50 -0
-1.48242 2.32146e-50 -0
-1.47949 1.4876e-50 -0
-1.47656 9.52442e-51 -0
-1.47363 6.09282e-51 -0
-1.4707 3.89426e-51 -0
-1.46777 2.4869e-51 -0
-1.46484 1.58679e-51 -0
-1.46191 1.0116e-51 -0
-1.45898 6.44353e-52 -0
-1.45605 4.10079e-52 -0
-1.45312 2.60758e-52 -0
-1.4502 1.65666e-52 -0
-1.44727 1.05162e-52 -0
-1.44434 6.66978e-53 -0
-1.44141 4.22659e-53 -0
-1.43848 2.67607e-53 -0
-1.43555 1.6929e-53 -0
-1.43262 1.07002e-53 -0
-1.42969 6.7574e-54 -0
-1.42676 4.26378e-54 -0
-1.42383 2.68805e-54 -0
-1.4209 1.6932e-54 -0
-1.41797 1.06562e-54 -0
-1.41504 6.70083e-55 -0
-1.41211 4.20998e-55 -0
-1.40918 2.64277e-55 -0
-1.40625 1.65754e-55 -0
-1.40332 1.03872e-55 -0
-1.40039 6.50368e-56 -0
-1.39746 4.06862e-56 -0
-1.39453 2.54309e-56 -0
-1.3916 1.5882e-56 -0
-1.38867 9.91e-57 -0
-1.38574 6.17832e-57 -0
-1.38281 3.84852e-57 -0
-1.37988 2.39522e-57 -0
-1.37695 1.48944e-57 -0
-1.37402 9.254e-58 -0
-1.37109 5.74464e-58 -0
-1.36816 3.56306e-58 -0
-1.36523 2.20806e-58 -0
-1.3623 1.36718e-58 -0
-1.35938 8.45799e-59 -0
-1.35645 5.22801e-59 -0
-1.35352 3.22874e-59 -0
-1.35059 1.99231e-59 -0
-1.34766 1.22831e-59 -0
-1.34473 7.56633e-60 -0
-1.3418 4.65683e-60 -0
-1.33887 2.86367e-60 -0
-1.33594 1.75947e-60 -0
-1.33301 1.08012e-60 -0
-1.33008 6.62498e-61 -0
-1.32715 4.06e-61 -0
-1.32422 2.48596e-61 -0
-1.32129 1.52087e-61 -0
-1.31836 9.29639e-62 -0
-1.31543 5.6776e-62 -0
-1.3125 3.46452e-62 -0
-1.30957 2.11226e-62 -0
-1.30664 1.28671e-62 -0
-1.30371 7.8314e-63 -0
-1.30078 4.76241e-63 -0
-1.29785 2.89361e-63 -0
-1.29492 1.75664e-63 -0
-1.29199 1.06549e-63 -0
-1.28906 6.45722e-64 -0
-1.28613 3.90993e-64 -0
-1.2832 2.36548e-64 -0
-1.28027 1.42987e-64 -0
-1.27734 8.63577e-65 -0
-1.27441 5.21115e-65 -0
-1.27148 3.1419e-65 -0
-1.26855 1.89269e-65 -0
-1.26562 1.13918e-65 -0
-1.2627 6.85068e-66 -0
-1.25977 4.11625e-66 -0
-1.25684 2.47114e-66 -0
-1.25391 1.48224e-66 -0
-1.25098 8.8832e-67 -0
-1.24805 5.3192e-67 -0
-1.24512 3.18237e-67 -0
-1.24219 1.90232e-67 -0
-1.23926 1.13617e-67 -0
-1.23633 6.77997e-68 -0
-1.2334 4.04242e-68 -0
-1.23047 2.40814e-68 -0
-1.22754 1.43334e-68 -0
-1.22461 8.52402e-69 -0
-1.22168 5.06485e-69 -0
-1.21875 3.00688e-69 -0
-1.21582 1.78358e-69 -0
-1.21289 1.05705e-69 -0
-1.20996 6.25934e-70 -0
-1.20703 3.70328e-70 -0
-1.2041 2.18914e-70 -0
-1.20117 1.29296e-70 -0
-1.19824 7.63002e-71 -0
-1.19531 4.49877e-71 -0
-1.19238 2.65026e-71 -0
-1.18945 1.55995e-71 -0
-1.18652 9.17401e-72 -0
-1.18359 5.39058e-72 -0
-1.18066 3.16475e-72 -0
-1.17773 1.85639e-72 -0
-1.1748 1.088e-72 -0
-1.17188 6.37109e-73 -0
-1.16895 3.72758e-73 -0
-1.16602 2.17905e-73 -0
-1.16309 1.27272e-73 -0
-1.16016 7.42725e-74 -0
-1.15723 4.33062e-74 -0
-1.1543 2.52289e-74 -0
-1.15137 1.4685e-74 -0
-1.14844 8.5404e-75 -0
-1.14551 4.96259e-75 -0
-1.14258 2.88115e-75 -0
-1.13965 1.67129e-75 -0
-1.13672 9.68643e-76 -0
-1.13379 5.60923e-76 -0
-1.13086 3.24542e-76 -0
-1.12793 1.87614e-76 -0
-1.125 1.08364e-76 -0
-1.12207 6.25366e-77 -0
-1.11914 3.60587e-77 -0
-1.11621 2.07737e-77 -0
-1.11328 1.19576e-77 -0
-1.11035 6.87703e-78 -0
-1.10742 3.95171e-78 -0
-1.10449 2.26881e-78 -0
-1.10156 1.30148e-78 -0
-1.09863 7.45939e-79 -0
-1.0957 4.27166e-79 -0
-1.09277 2.44409e-79 -0
-1.08984 1.39722e-79 -0
-1.08691 7.98071e-80 -0
-1.08398 4.55454e-80 -0
-1.08105 2.59701e-80 -0
-1.07812 1.47956e-80 -0
-1.0752 8.42201e-81 -0
-1.07227 4.78991e-81 -0
-1.06934 2.72186e-81 -0
-1.06641 1.54537e-81 -0
-1.06348 8.76649e-82 -0
-1.06055 4.96874e-82 -0
-1.05762 2.81381e-82 -0
-1.05469 1.5921e-82 -0
-1.05176 9.0006e-83 -0
-1.04883 5.08395e-83 -0
-1.0459 2.86918e-83 -0
-1.04297 1.61786e-83 -0
-1.04004 9.11493e-84 -0
-1.03711 5.13088e-84 -0
-1.03418 2.88574e-84 -0
-1.03125 1.62163e-84 -0
-1.02832 9.10482e-85 -0
-1.02539 5.10762e-85 -0
-1.02246 2.86282e-85 -0
-1.01953 1.60323e-85 -0
-1.0166 8.97067e-86 -0
-1.01367 5.01512e-86 -0
-1.01074 2.80133e-86 -0
-1.00781 1.56342e-86 -0
-1.00488 8.71795e-87 -0
-1.00195 4.85713e-87 -0
-0.999023 2.70379e-87 -0
-0.996094 1.50381e-87 -0
-0.993164 8.35679e-88 -0
-0.990234 4.63996e-88 -0
-0.987305 2.57404e-88 -0
-0.984375 1.42674e-88 -0
-0.981445 7.90134e-89 -0
-0.978516 4.37204e-89 -0
-0.975586 2.4171e-89 -0
-0.972656 1.33516e-89 -0
-0.969727 7.36881e-90 -0
-0.966797 4.0634e-90 -0
-0.963867 2.23877e-90 -0
-0.960938 1.23241e-90 -0
-0.958008 6.77845e-91 -0
-0.955078 3.72505e-91 -0
-0.952148 2.04532e-91 -0
-0.949219 1.12206e-91 -0
-0.946289 6.15034e-92 -0
-0.943359 3.36829e-92 -0
-0.94043 1.84309e-92 -0
-0.9375 1.00766e-92 -0
-0.93457 5.50432e-93 -0
-0.931641 3.00416e-93 -0
-0.928711 1.63821e-93 -0
-0.925781 8.92573e-94 -0
-0.922852 4.85897e-94 -0
-0.919922 2.64285e-94 -0
-0.916992 1.43624e-94 -0
-0.914062 7.7985e-95 -0
-0.911133 4.23079e-95 -0
-0.908203 2.29329e-95 -0
-0.905273 1.242e-95 -0
-0.902344 6.7207e-96 -0
-0.899414 3.63357e-96 -0
-0.896484 1.96282e-96 -0
-0.893555 1.05938e-96 -0
-0.890625 5.71286e-97 -0
-0.887695 3.07809e-97 -0
-0.884766 1.65705e-97 -0
-0.881836 8.9129e-98 -0
-0.878906 4.78992e-98 -0
-0.875977 2.57197e-98 -0
-0.873047 1.37984e-98 -0
-0.870117 7.39641e-99 -0
-0.867188 3.96132e-99 -0
-0.864258 2.11975e-99 -0
-0.861328 1.13334e-99 -0
-0.858398 6.05423e-100 -0
-0.855469 3.23137e-100 -0
-0.852539 1.72322e-100 -0
-0.849609 9.1817e-101 -0
-0.84668 4.88801e-101 -0
-0.84375 2.59997e-101 -0
-0.84082 1.38176e-101 -0
-0.837891 7.33709e-102 -0
-0.834961 3.89262e-102 -0
-0.832031 2.06342e-102 -0
-0.829102 1.09285e-102 -0
-0.826172 5.78309e-103 -0
-0.823242 3.05765e-103 -0
-0.820312 1.61526e-103 -0
-0.817383 8.52557e-104 -0
-0.814453 4.49607e-104 -0
-0.811523 2.36902e-104 -0
-0.808594 1.24719e-104 -0
-0.805664 6.56029e-105 -0
-0.802734 3.44779e-105 -0
-0.799805 1.81045e-105 -0
-0.796875 9.49857e-106 -0
-0.793945 4.97918e-106 -0
-0.791016 2.60786e-106 -0
-0.788086 1.36471e-106 -0
-0.785156 7.13543e-107 -0
-0.782227 3.7276e-107 -0
-0.779297 1.94565e-107 -0
-0.776367 1.01468e-107 -0
-0.773438 5.28711e-108 -0
-0.770508 2.75255e-108 -0
-0.767578 1.43179e-108 -0
-0.764648 7.44137e-109 -0
-0.761719 3.86413e-109 -0
-0.758789 2.00484e-109 -0
-0.755859 1.03928e-109 -0
-0.75293 5.38287e-110 -0
-0.75 2.78562e-110 -0
-0.74707 1.44031e-110 -0
-0.744141 7.44081e-111 -0
-0.741211 3.8407e-111 -0
-0.738281 1.98074e-111 -0
-0.735352 1.02064e-111 -0
-0.732422 5.25465e-112 -0
-0.729492 2.70298e-112 -0
-0.726562 1.38921e-112 -0
-0.723633 7.13382e-113 -0
-0.720703 3.66018e-113 -0
-0.717773 1.87634e-113 -0
-0.714844 9.6105e-114 -0
-0.711914 4.91823e-114 -0
-0.708984 2.51477e-114 -0
-0.706055 1.28474e-114 -0
-0.703125 6.55782e-115 -0
-0.700195 3.3445e-115 -0
-0.697266 1.70423e-115 -0
-0.694336 8.67671e-116 -0
-0.691406 4.41375e-116 -0
-0.688477 2.24331e-116 -0
-0.685547 1.13919e-116 -0
-0.682617 5.78004e-117 -0
-0.679688 2.93017e-117 -0
-0.676758 1.48417e-117 -0
-0.673828 7.51102e-118 -0
-0.670898 3.79789e-118 -0
-0.667969 1.91873e-118 -0
-0.665039 9.68528e-119 -0
-0.662109 4.8847e-119 -0
-0.65918 2.46145e-119 -0
-0.65625 1.23928e-119 -0
-0.65332 6.23416e-120 -0
-0.650391 3.13337e-120 -0
-0.647461 1.57353e-120 -0
-0.644531 7.8952e-121 -0
-0.641602 3.95803e-121 -0
-0.638672 1.98254e-121 -0
-0.635742 9.92187e-122 -0
-0.632812 4.96125e-122 -0
-0.629883 2.47866e-122 -0
-0.626953 1.23728e-122 -0
-0.624023 6.1709e-123 -0
-0.621094 3.07507e-123 -0
-0.618164 1.53105e-123 -0
-0.615234 7.61643e-124 -0
-0.612305 3.78565e-124 -0
-0.609375 1.87999e-124 -0
-0.606445 9.32822e-125 -0
-0.603516 4.62455e-125 -0
-0.600586 2.29069e-125 -0
-0.597656 1.13368e-125 -0
-0.594727 5.60588e-126 -0
-0.591797 2.76964e-126 -0
-0.588867 1.36719e-126 -0
-0.585938 6.74316e-127 -0
-0.583008 3.32296e-127 -0
-0.580078 1.63611e-127 -0
-0.577148 8.04875e-128 -0
-0.574219 3.95614e-128 -0
-0.571289 1.94286e-128 -0
-0.568359 9.5332e-129 -0
-0.56543 4.67373e-129 -0
-0.5625 2.28937e-129 -0
-0.55957 1.12045e-129 -0
-0.556641 5.47899e-130 -0
-0.553711 2.67691e-130 -0
-0.550781 1.30676e-130 -0
-0.547852 6.37357e-131 -0
-0.544922 3.10597e-131 -0
-0.541992 1.51231e-131 -0
-0.539062 7.35716e-132 -0
-0.536133 3.57608e-132 -0
-0.533203 1.73673e-132 -0
-0.530273 8.42718e-133 -0
-0.527344 4.08565e-133 -0
-0.524414 1.9791e-133 -0
-0.521484 9.57856e-134 -0
-0.518555 4.63192e-134 -0
-0.515625 2.23794e-134 -0
-0.512695 1.08035e-134 -0
-0.509766 5.21081e-135 -0
-0.506836 2.51116e-135 -0
-0.503906 1.20913e-135 -0
-0.500977 5.81695e-136 -0
-0.498047 2.79606e-136 -0
-0.495117 1.34284e-136 -0
-0.492188 6.44362e-137 -0
-0.489258 3.08932e-137 -0
-0.486328 1.47987e-137 -0
-0.483398 7.08289e-138 -0
-0.480469 3.38708e-138 -0
-0.477539 1.61833e-138 -0
-0.474609 7.72566e-139 -0
-0.47168 3.68495e-139 -0
-0.46875 1.75613e-139 -0
-0.46582 8.36193e-140 -0
-0.462891 3.97818e-140 -0
-0.459961 1.89099e-140 -0
-0.457031 8.98094e-141 -0
-0.454102 4.26169e-141 -0
-0.451172 2.02055e-141 -0
-0.448242 9.57156e-142 -0
-0.445312 4.53027e-142 -0
-0.442383 2.14236e-142 -0
-0.439453 1.01225e-142 -0
-0.436523 4.77873e-143 -0
-0.433594 2.25404e-143 -0
-0.430664 1.06228e-143 -0
-0.427734 5.00202e-144 -0
-0.424805 2.3533e-144 -0
-0.421875 1.10621e-144 -0
-0.418945 5.19545e-145 -0
-0.416016 2.43802e-145 -0
-0.413086 1.14308e-145 -0
-0.410156 5.35484e-146 -0
-0.407227 2.50635e-146 -0
-0.404297 1.1721e-146 -0
-0.401367 5.47665e-147 -0
-0.398438 2.55677e-147 -0
-0.395508 1.19261e-147 -0
-0.392578 5.55813e-148 -0
-0.389648 2.58814e-148 -0
-0.386719 1.20413e-148 -0
-0.383789 5.59742e-149 -0
-0.380859 2.59973e-149 -0
-0.37793 1.20641e-149 -0
-0.375 5.59361e-150 -0
-0.37207 2.59128e-150 -0
-0.369141 1.1994e-150 -0
-0.366211 5.54678e-151 -0
-0.363281 2.56298e-151 -0
-0.360352 1.18325e-151 -0
-0.357422 5.45802e-152 -0
-0.354492 2.51548e-152 -0
-0.351562 1.15834e-152 -0
-0.348633 5.32936e-153 -0
-0.345703 2.44987e-153 -0
-0.342773 1.12522e-153 -0
-0.339844 5.16369e-154 -0
-0.336914 2.3676e-154 -0
-0.333984 1.08464e-154 -0
-0.331055 4.96466e-155 -0
-0.328125 2.2705e-155 -0
-0.325195 1.03748e-155 -0
-0.322266 4.73658e-156 -0
-0.319336 2.16062e-156 -0
-0.316406 9.84732e-157 -0
-0.313477 4.4842e-157 -0
-0.310547 2.04023e-157 -0
-0.307617 9.27474e-158 -0
-0.304688 4.2126e-158 -0
-0.301758 1.91173e-158 -0
-0.298828 8.66823e-159 -0
-0.295898 3.927e-159 -0
-0.292969 1.77754e-159 -0
-0.290039 8.03905e-160 -0
-0.287109 3.6326e-160 -0
-0.28418 1.64005e-160 -0
-0.28125 7.39816e-161 -0
-0.27832 3.3344e-161 -0
-0.275391 1.50155e-161 -0
-0.272461 6.75598e-162 -0
-0.269531 3.03714e-162 -0
-0.266602 1.36417e-162 -0
-0.263672 6.12207e-163 -0
-0.260742 2.74509e-163 -0
-0.257812 1.22982e-163 -0
-0.254883 5.50494e-164 -0
-0.251953 2.46202e-164 -0
-0.249023 1.10017e-164 -0
-0.246094 4.91194e-165 -0
-0.243164 2.19116e-165 -0
-0.240234 9.76613e-166 -0
-0.237305 4.34909e-166 -0
-0.234375 1.93509e-166 -0
-0.231445 8.60263e-167 -0
-0.228516 3.8211e-167 -0
-0.225586 1.69579e-167 -0
-0.222656 7.51943e-168 -0
-0.219727 3.33138e-168 -0
-0.216797 1.47465e-168 -0
-0.213867 6.52205e-169 -0
-0.210938 2.88207e-169 -0
-0.208008 1.27249e-169 -0
-0.205078 5.61343e-170 -0
-0.202148 2.47418e-170 -0
-0.199219 1.08958e-170 -0
-0.196289 4.79421e-171 -0
-0.193359 2.10767e-171 -0
-0.19043 9.25792e-172 -0
-0.1875 4.06305e-172 -0
-0.18457 1.78163e-172 -0
-0.181641 7.80569e-173 -0
-0.178711 3.4169e-173 -0
-0.175781 1.49444e-173 -0
-0.172852 6.53062e-174 -0
-0.169922 2.85139e-174 -0
-0.166992 1.2439e-174 -0
-0.164062 5.42179e-175 -0
-0.161133 2.36117e-175 -0
-0.158203 1.0274e-175 -0
-0.155273 4.46659e-176 -0
-0.152344 1.94018e-176 -0
-0.149414 8.42044e-177 -0
-0.146484 3.65136e-177 -0
-0.143555 1.58198e-177 -0
-0.140625 6.84821e-178 -0
-0.137695 2.96196e-178 -0
-0.134766 1.27999e-178 -0
-0.131836 5.52668e-179 -0
-0.128906 2.38423e-179 -0
-0.125977 1.02768e-179 -0
-0.123047 4.42585e-180 -0
-0.120117 1.90442e-180 -0
-0.117188 8.18756e-181 -0
-0.114258 3.51702e-181 -0
-0.111328 1.50946e-181 -0
-0.108398 6.47285e-182 -0
-0.105469 2.7733e-182 -0
-0.102539 1.18721e-182 -0
-0.0996094 5.07788e-183 -0
-0.0966797 2.17003e-183 -0
-0.09375 9.26565e-184 -0
-0.0908203 3.95288e-184 -0
-0.0878906 1.68492e-184 -0
-0.0849609 7.17581e-185 -0
-0.0820312 3.05345e-185 -0
-0.0791016 1.29819e-185 -0
-0.0761719 5.51456e-186 -0
-0.0732422 2.34052e-186 -0
-0.0703125 9.92523e-187 -0
-0.0673828 4.20529e-187 -0
-0.0644531 1.78024e-187 -0
-0.0615234 7.5299e-188 -0
-0.0585938 3.18219e-188 -0
-0.0556641 1.34367e-188 -0
-0.0527344 5.6687e-189 -0
-0.0498047 2.38947e-189 -0
-0.046875 1.00635e-189 -0
-0.0439453 4.2347e-190 -0
-0.0410156 1.78042e-190 -0
-0.0380859 7.47914e-191 -0
-0.0351562 3.13911e-191 -0
-0.0322266 1.3164e-191 -0
-0.0292969 5.51568e-192 -0
-0.0263672 2.30907e-192 -0
-0.0234375 9.6583e-193 -0
-0.0205078 4.03638e-193 -0
-0.0175781 1.68543e-193 -0
-0.0146484 7.03164e-194 -0
-0.0117188 2.9311e-194 -0
-0.00878906 1.22076e-194 -0
-0.00585938 5.07994e-195 -0
-0.00292969 2.11209e-195 -0
0 8.77396e-196 0
0.00292969 3.64171e-196 0
0.00585938 1.51023e-196 0
0.00878906 6.25757e-197 0
0.0117188 2.59058e-197 0
0.0146484 1.07156e-197 0
0.0175781 4.42855e-198 0
0.0205078 1.82867e-198 0
0.0234375 7.54457e-199 0
0.0263672 3.11001e-199 0
0.0292969 1.2809e-199 0
0.0322266 5.27106e-200 0
0.0351562 2.16724e-200 0
0.0380859 8.90315e-201 0
0.0410156 3.65433e-201 0
0.0439453 1.49864e-201 0
0.046875 6.14068e-202 0
0.0498047 2.51398e-202 0
0.0527344 1.02833e-202 0
0.0556641 4.20276e-203 0
0.0585938 1.71617e-203 0
0.0615234 7.0019e-204 0
0.0644531 2.85428e-204 0
0.0673828 1.16254e-204 0
0.0703125 4.73088e-205 0
0.0732422 1.92356e-205 0
0.0761719 7.81441e-206 0
0.0791016 3.17186e-206 0
0.0820312 1.28635e-206 0
0.0849609 5.21232e-207 0
0.0878906 2.11023e-207 0
0.0908203 8.53606e-208 0
0.09375 3.44994e-208 0
0.0966797 1.39313e-208 0
0.0996094 5.62084e-209 0
0.102539 2.26588e-209 0
0.105469 9.1264e-210 0
0.108398 3.67274e-210 0
0.111328 1.47675e-210 0
0.114258 5.93269e-211 0
0.117188 2.38135e-211 0
0.120117 9.55043e-212 0
0.123047 3.82692e-212 0
0.125977 1.53216e-212 0
0.128906 6.12892e-213 0
0.131836 2.44958e-213 0
0.134766 9.782e-214 0
0.137695 3.90292e-214 0
0.140625 1.55589e-214 0
0.143555 6.19722e-215 0
0.146484 2.46628e-215 0
0.149414 9.80648e-216 0
0.152344 3.89594e-216 0
0.155273 1.54646e-216 0
0.158203 6.13326e-217 0
0.161133 2.43037e-217 0
0.164062 9.62232e-218 0
0.166992 3.8064e-218 0
0.169922 1.50445e-218 0
0.172852 5.9411e-219 0
0.175781 2.34414e-219 0
0.178711 9.24118e-220 0
0.181641 3.63998e-220 0
0.18457 1.43251e-220 0
0.1875 5.63278e-221 0
0.19043 2.21297e-221 0
0.193359 8.68672e-222 0
0.196289 3.40693e-222 0
0.199219 1.33505e-222 0
0.202148 5.22709e-223 0
0.205078 2.04479e-223 0
0.208008 7.99219e-224 0
0.210938 3.12111e-224 0
0.213867 1.21781e-224 0
0.216797 4.74765e-225 0
0.219727 1.84929e-225 0
0.222656 7.19708e-226 0
0.225586 2.79857e-226 0
0.228516 1.08729e-226 0
0.231445 4.22064e-227 0
0.234375 1.63697e-227 0
0.237305 6.34349e-228 0
0.240234 2.45609e-228 0
0.243164 9.5014e-229 0
0.246094 3.67247e-229 0
0.249023 1.41826e-229 0
0.251953 5.47244e-230 0
0.254883 2.10976e-230 0
0.257812 8.12668e-231 0
0.260742 3.12766e-231 0
0.263672 1.20269e-231 0
0.266602 4.62078e-232 0
0.269531 1.7738e-232 0
0.272461 6.8033e-233 0
0.275391 2.60713e-233 0
0.27832 9.98235e-234 0
0.28125 3.81883e-234 0
0.28418 1.45967e-234 0
0.287109 5.57451e-235 0
0.290039 2.12709e-235 0
0.292969 8.10947e-236 0
0.295898 3.08906e-236 0
0.298828 1.17567e-236 0
0.301758 4.4707e-237 0
0.304688 1.6986e-237 0
0.307617 6.44812e-238 0
0.310547 2.4457e-238 0
0.313477 9.26831e-239 0
0.316406 3.50933e-239 0
0.319336 1.32763e-239 0
0.322266 5.01828e-240 0
0.325195 1.89523e-240 0
0.328125 7.15146e-241 0
0.331055 2.69622e-241 0
0.333984 1.01565e-241 0
0.336914 3.8226e-242 0
0.339844 1.43748e-242 0
0.342773 5.40095e-243 0
0.345703 2.02753e-243 0
0.348633 7.60486e-244 0
0.351562 2.84998e-244 0
0.354492 1.06714e-244 0
0.357422 3.99233e-245 0
0.360352 1.49231e-245 0
0.363281 5.5734e-246 0
0.366211 2.07973e-246 0
0.369141 7.75394e-247 0
0.37207 2.88845e-247 0
0.375 1.07506e-247 0
0.37793 3.99788e-248 0
0.380859 1.48543e-248 0
0.383789 5.51448e-249 0
0.386719 2.04542e-249 0
0.389648 7.58033e-250 0
0.392578 2.80686e-250 0
0.395508 1.03844e-250 0
0.398438 3.83856e-251 0
0.401367 1.41769e-251 0
0.404297 5.23147e-252 0
0.407227 1.92883e-252 0
0.410156 7.10541e-253 0
0.413086 2.61524e-253 0
0.416016 9.61752e-254 0
0.418945 3.53379e-254 0
0.421875 1.29732e-254 0
0.424805 4.75859e-255 0
0.427734 1.74397e-255 0
0.430664 6.38594e-256 0
0.433594 2.33635e-256 0
0.436523 8.54044e-257 0
0.439453 3.11924e-257 0
0.442383 1.13827e-257 0
0.445312 4.15019e-258 0
0.448242 1.51188e-258 0
0.451172 5.50295e-259 0
0.454102 2.00124e-259 0
0.457031 7.27163e-260 0
0.459961 2.63992e-260 0
0.462891 9.57586e-261 0
0.46582 3.4705e-261 0
0.46875 1.2567e-261 0
0.47168 4.54675e-262 0
0.474609 1.6436e-262 0
0.477539 5.93634e-263 0
0.480469 2.14224e-263 0
0.483398 7.72407e-264 0
0.486328 2.7826e-264 0
0.489258 1.00157e-264 0
0.492188 3.60198e-265 0
0.495117 1.29428e-265 0
0.498047 4.64666e-266 0
0.500977 1.66679e-266 0
0.503906 5.97378e-267 0
0.506836 2.13916e-267 0
0.509766 7.65361e-268 0
0.512695 2.736e-268 0
0.515625 9.77221e-269 0
0.518555 3.48736e-269 0
0.521484 1.24345e-269 0
0.524414 4.42983e-270 0
0.527344 1.57679e-270 0
0.530273 5.60771e-271 0
0.533203 1.99263e-271 0
0.536133 7.07447e-272 0
0.539062 2.50951e-272 0
0.541992 8.89427e-273 0
0.544922 3.14963e-273 0
0.547852 1.11439e-273 0
0.550781 3.93949e-274 0
0.553711 1.39146e-274 0
0.556641 4.91054e-275 0
0.55957 1.73147e-275 0
0.5625 6.09997e-276 0
0.56543 2.14717e-276 0
0.568359 7.55152e-277 0
0.571289 2.65356e-277 0
0.574219 9.31646e-278 0
0.577148 3.26813e-278 0
0.580078 1.14545e-278 0
0.583008 4.01125e-279 0
0.585938 1.40349e-279 0
0.588867 4.90645e-280 0
0.591797 1.71377e-280 0
0.594727 5.98088e-281 0
0.597656 2.08547e-281 0
0.600586 7.26561e-282 0
0.603516 2.5291e-282 0
0.606445 8.79604e-283 0
0.609375 3.05658e-283 0
0.612305 1.06124e-283 0
0.615234 3.68141e-284 0
0.618164 1.27598e-284 0
0.621094 4.41878e-285 0
0.624023 1.52893e-285 0
0.626953 5.28566e-286 0
0.629883 1.82574e-286 0
0.632812 6.30094e-287 0
0.635742 2.1727e-287 0
0.638672 7.48549e-288 0
0.641602 2.57673e-288 0
0.644531 8.86225e-289 0
0.647461 3.04542e-289 0
0.650391 1.04563e-289 0
0.65332 3.58702e-290 0
0.65625 1.22947e-290 0
0.65918 4.21046e-291 0
0.662109 1.44068e-291 0
0.665039 4.92533e-292 0
0.667969 1.6824e-292 0
0.670898 5.74182e-293 0
0.673828 1.95793e-293 0
0.676758 6.67071e-294 0
0.679688 2.27078e-294 0
0.682617 7.72333e-295 0
0.685547 2.62459e-295 0
0.688477 8.91139e-296 0
0.691406 3.02313e-296 0
0.694336 1.0247e-296 0
0.697266 3.47025e-297 0
0.700195 1.17423e-297 0
0.703125 3.96985e-298 0
0.706055 1.34098e-298 0
0.708984 4.52582e-299 0
0.711914 1.52616e-299 0
0.714844 5.14196e-300 0
0.717773 1.73095e-300 0
0.720703 5.82195e-301 0
0.723633 1.9565e-301 0
0.726562 6.56928e-302 0
0.729492 2.20386e-302 0
0.732422 7.38714e-303 0
0.735352 2.47398e-303 0
0.738281 8.27835e-304 0
0.741211 2.76769e-304 0
0.744141 9.24527e-305 0
0.74707 3.08566e-305 0
0.75 1.02898e-305 0
0.75293 3.42838e-306 0
0.755859 1.1413e-306 0
0.758789 3.79609e-307 0
0.761719 1.26154e-307 0
0.764648 4.18885e-308 0
0.767578 1.38968e-308 0
0.770508 4.6064e-309 0
0.773438 1.52558e-309 0
0.776367 5.0482e-310 0
0.779297 1.66903e-310 0
0.782227 5.51342e-311 0
0.785156 1.81972e-311 0
0.788086 6.00088e-312 0
0.791016 1.97721e-312 0
0.793945 6.50904e-313 0
0.796875 2.14096e-313 0
0.799805 7.03604e-314 0
0.802734 2.31034e-314 0
0.805664 7.57965e-315 0
0.808594 2.48456e-315 0
0.811523 8.13726e-316 0
0.814453 2.66277e-316 0
0.817383 8.70596e-317 0
0.820312 2.84398e-317 0
0.823242 9.28248e-318 0
0.826172 3.02711e-318 0
0.829102 9.86323e-319 0
0.832031 3.21103e-319 0
0.834961 1.04445e-319 0
0.837891 3.39374e-320 0
0.84082 1.10177e-320 0
0.84375 3.57704e-321 0
0.84668 1.16105e-321 0
0.849609 3.7549e-322 0
0.852539 1.18576e-322 0
0.855469 3.45846e-323 0
0.858398 9.88131e-324 0
0.861328 0 0
0.864258 0 0
0.867188 0 0
0.870117 0 0
0.873047 0 0
0.875977 0 0
0.878906 0 0
0.881836 0 0
0.884766 0 0
0.887695 0 0
0.890625 0 0
0.893555 0 0
0.896484 0 0
0.899414 0 0
0.902344 0 0
0.905273 0 0
0.908203 0 0
0.911133 0 0
0.914062 0 0
0.916992 0 0
0.919922 0 0
0.922852 0 0
0.925781 0 0
0.928711 0 0
0.931641 0 0
0.93457 0 0
0.9375 0 0
0.94043 0 0
0.943359 0 0
0.946289 0 0
0.949219 0 0
0.952148 0 0
0.955078 0 0
0.958008 0 0
0.960938 0 0
0.963867 0 0
0.966797 0 0
0.969727 0 0
0.972656 0 0
0.975586 0 0
0.978516 0 0
0.981445 0 0
0.984375 0 0
0.987305 0 0
0.990234 0 0
0.993164 0 0
0.996094 0 0
0.999023 0 0
1.00195 0 0
1.00488 0 0
1.00781 0 0
1.01074 0 0
1.01367 0 0
1.0166 0 0
1.01953 0 0
1.02246 0 0
1.02539 0 0
1.02832 0 0
1.03125 0 0
1.03418 0 0
1.03711 0 0
1.04004 0 0
1.04297 0 0
1.0459 0 0
1.04883 0 0
1.05176 0 0
1.05469 0 0
1.05762 0 0
1.06055 0 0
1.06348 0 0
1.06641 0 0
1.06934 0 0
1.07227 0 0
1.0752 0 0
1.07812 0 0
1.08105 0 0
1.08398 0 0
1.08691 0 0
1.08984 0 0
1.09277 0 0
1.0957 0 0
1.09863 0 0
1.10156 0 0
1.10449 0 0
1.10742 0 0
1.11035 0 0
1.11328 0 0
1.11621 0 0
1.11914 0 0
1.12207 0 0
1.125 0 0
1.12793 0 0
1.13086 0 0
1.13379 0 0
1.13672 0 0
1.13965 0 0
1.14258 0 0
1.14551 0 0
1.14844 0 0
1.15137 0 0
1.1543 0 0
1.15723 0 0
1.16016 0 0
1.16309 0 0
1.16602 0 0
1.16895 0 0
1.17188 0 0
1.1748 0 0
1.17773 0 0
1.18066 0 0
1.18359 0 0
1.18652 0 0
1.18945 0 0
1.19238 0 0
1.19531 0 0
1.19824 0 0
1.20117 0 0
1.2041 0 0
1.20703 0 0
1.20996 0 0
1.21289 0 0
1.21582 0 0
1.21875 0 0
1.22168 0 0
1.22461 0 0
1.22754 0 0
1.23047 0 0
1.2334 0 0
1.23633 0 0
1.23926 0 0
1.24219 0 0
1.24512 0 0
1.24805 0 0
1.25098 0 0
1.25391 0 0
1.25684 0 0
1.25977 0 0
1.2627 0 0
1.26562 0 0
1.26855 0 0
1.27148 0 0
1.27441 0 0
1.27734 0 0
1.28027 0 0
1.2832 0 0
1.28613 0 0
1.28906 0 0
1.29199 0 0
1.29492 0 0
1.29785 0 0
1.30078 0 0
1.30371 0 0
1.30664 0 0
1.30957 0 0
1.3125 0 0
1.31543 0 0
1.31836 0 0
1.32129 0 0
1.32422 0 0
1.32715 0 0
1.33008 0 0
1.33301 0 0
1.33594 0 0
1.33887 0 0
1.3418 0 0
1.34473 0 0
1.34766 0 0
1.35059 0 0
1.35352 0 0
1.35645 0 0
1.35938 0 0
1.3623 0 0
1.36523 0 0
1.36816 0 0
1.37109 0 0
1.37402 0 0
1.37695 0 0
1.37988 0 0
1.38281 0 0
1.38574 0 0
1.38867 0 0
1.3916 0 0
1.39453 0 0
1.39746 0 0
1.40039 0 0
1.40332 0 0
1.40625 0 0
1.40918 0 0
1.41211 0 0
1.41504 0 0
1.41797 0 0
1.4209 0 0
1.42383 0 0
1.42676 0 0
1.42969 0 0
1.43262 0 0
1.43555 0 0
1.43848 0 0
1.44141 0 0
1.44434 0 0
1.44727 0 0
1.4502 0 0
1.45312 0 0
1.45605 0 0
1.45898 0 0
1.46191 0 0
1.46484 0 0
1.46777 0 0
1.4707 0 0
1.47363 0 0
1.47656 0 0
1.47949 0 0
1.48242 0 0
1.48535 0 0
1.48828 0 0
1.49121 0 0
1.49414 0 0
1.49707 0 0
1.5 0 0
1.50293 0 0
1.50586 0 0
1.50879 0 0
1.51172 0 0
1.51465 0 0
1.51758 0 0
1.52051 0 0
1.52344 0 0
1.52637 0 0
1.5293 0 0
1.53223 0 0
1.53516 0 0
1.53809 0 0
1.54102 0 0
1.54395 0 0
1.54688 0 0
1.5498 0 0
1.55273 0 0
1.55566 0 0
1.55859 0 0
1.56152 0 0
1.56445 0 0
1.56738 0 0
1.57031 0 0
1.57324 0 0
1.57617 0 0
1.5791 0 0
1.58203 0 0
1.58496 0 0
1.58789 0 0
1.59082 0 0
1.59375 0 0
1.59668 0 0
1.59961 0 0
1.60254 0 0
1.60547 0 0
1.6084 0 0
1.61133 0 0
1.61426 0 0
1.61719 0 0
1.62012 0 0
1.62305 0 0
1.62598 0 0
1.62891 0 0
1.63184 0 0
1.63477 0 0
1.6377 0 0
1.64062 0 0
1.64355 0 0
1.64648 0 0
1.64941 0 0
1.65234 0 0
1.65527 0 0
1.6582 0 0
1.66113 0 0
1.66406 0 0
1.66699 0 0
1.66992 0 0
1.67285 0 0
1.67578 0 0
1.67871 0 0
1.68164 0 0
1.68457 0 0
1.6875 0 0
1.69043 0 0
1.69336 0 0
1.69629 0 0
1.69922 0 0
1.70215 0 0
1.70508 0 0
1.70801 0 0
1.71094 0 0
1.71387 0 0
1.7168 0 0
1.71973 0 0
1.72266 0 0
1.72559 0 0
1.72852 0 0
1.73145 0 0
1.73438 0 0
1.7373 0 0
1.74023 0 0
1.74316 0 0
1.74609 0 0
1.74902 0 0
1.75195 0 0
1.75488 0 0
1.75781 0 0
1.76074 0 0
1.76367 0 0
1.7666 0 0
1.76953 0 0
1.77246 0 0
1.77539 0 0
1.77832 0 0
1.78125 0 0
1.78418 0 0
1.78711 0 0
1.79004 0 0
1.79297 0 0
1.7959 0 0
1.79883 0 0
1.80176 0 0
1.80469 0 0
1.80762 0 0
1.81055 0 0
1.81348 0 0
1.81641 0 0
1.81934 0 0
1.82227 0 0
1.8252 0 0
1.82812 0 0
1.83105 0 0
1.83398 0 0
1.83691 0 0
1.83984 0 0
1.84277 0 0
1.8457 0 0
1.84863 0 0
1.85156 0 0
1.85449 0 0
1.85742 0 0
1.86035 0 0
1.86328 0 0
1.86621 0 0
1.86914 0 0
1.87207 0 0
1.875 0 0
1.87793 0 0
1.88086 0 0
1.88379 0 0
1.88672 0 0
1.88965 0 0
1.89258 0 0
1.89551 0 0
1.89844 0 0
1.90137 0 0
1.9043 0 0
1.90723 0 0
1.91016 0 0
1.91309 0 0
1.91602 0 0
1.91895 0 0
1.92188 0 0
1.9248 0 0
1.92773 0 0
1.93066 0 0
1.93359 0 0
1.93652 0 0
1.93945 0 0
1.94238 0 0
1.94531 0 0
1.94824 0 0
1.95117 0 0
1.9541 0 0
1.95703 0 0
1.95996 0 0
1.96289 0 0
1.96582 0 0
1.96875 0 0
1.97168 0 0
1.97461 0 0
1.97754 0 0
1.98047 0 0
1.9834 0 0
1.98633 0 0
1.98926 0 0
1.99219 0 0
1.99512 0 0
1.99805 0 0
2.00098 0 0
2.00391 0 0
2.00684 0 0
2.00977 0 0
2.0127 0 0
2.01562 0 0
2.01855 0 0
2.02148 0 0
2.02441 0 0
2.02734 0 0
2.03027 0 0
2.0332 0 0
2.03613 0 0
2.03906 0 0
2.04199 0 0
2.04492 0 0
2.04785 0 0
2.05078 0 0
2.05371 0 0
2.05664 0 0
2.05957 0 0
2.0625 0 0
2.06543 0 0
2.06836 0 0
2.07129 0 0
2.07422 0 0
2.07715 0 0
2.08008 0 0
2.08301 0 0
2.08594 0 0
2.08887 0 0
2.0918 0 0
2.09473 0 0
2.09766 0 0
2.10059 0 0
2.10352 0 0
2.10645 0 0
2.10938 0 0
2.1123 0 0
2.11523 0 0
2.11816 0 0
2.12109 0 0
2.12402 0 0
2.12695 0 0
2.12988 0 0
2.13281 0 0
2.13574 0 0
2.13867 0 0
2.1416 0 0
2.14453 0 0
2.14746 0 0
2.15039 0 0
2.15332 0 0
2.15625 0 0
2.15918 0 0
2.16211 0 0
2.16504 0 0
2.16797 0 0
2.1709 0 0
2.17383 0 0
2.17676 0 0
2.17969 0 0
2.18262 0 0
2.18555 0 0
2.18848 0 0
2.19141 0 0
2.19434 0 0
2.19727 0 0
2.2002 0 0
2.20312 0 0
2.20605 0 0
2.20898 0 0
2.21191 0 0
2.21484 0 0
2.21777 0 0
2.2207 0 0
2.22363 0 0
2.22656 0 0
2.22949 0 0
2.23242 0 0
2.23535 0 0
2.23828 0 0
2.24121 0 0
2.24414 0 0
2.24707 0 0
2.25 0 0
2.25293 0 0
2.25586 0 0
2.25879 0 0
2.26172 0 0
2.26465 0 0
2.26758 0 0
2.27051 0 0
2.27344 0 0
2.27637 0 0
2.2793 0 0
2.28223 0 0
2.28516 0 0
2.28809 0 0
2.29102 0 0
2.29395 0 0
2.29688 0 0
2.2998 0 0
2.30273 0 0
2.30566 0 0
2.30859 0 0
2.31152 0 0
2.31445 0 0
2.31738 0 0
2.32031 0 0
2.32324 0 0
2.32617 0 0
2.3291 0 0
2.33203 0 0
2.33496 0 0
2.33789 0 0
2.34082 0 0
2.34375 0 0
2.34668 0 0
2.34961 0 0
2.35254 0 0
2.35547 0 0
2.3584 0 0
2.36133 0 0
2.36426 0 0
2.36719 0 0
2.37012 0 0
2.37305 0 0
2.37598 0 0
2.37891 0 0
2.38184 0 0
2.38477 0 0
2.3877 0 0
2.39062 0 0
2.39355 0 0
2.39648 0 0
2.39941 0 0
2.40234 0 0
2.40527 0 0
2.4082 0 0
2.41113 0 0
2.41406 0 0
2.41699 0 0
2.41992 0 0
2.42285 0 0
2.42578 0 0
2.42871 0 0
2.43164 0 0
2.43457 0 0
2.4375 0 0
2.44043 0 0
2.44336 0 0
2.44629 0 0
2.44922 0 0
2.45215 0 0
2.45508 0 0
2.45801 0 0
2.46094 0 0
2.46387 0 0
2.4668 0 0
2.46973 0 0
2.47266 0 0
2.47559 0 0
2.47852 0 0
2.48145 0 0
2.48438 0 0
2.4873 0 0
2.49023 0 0
2.49316 0 0
2.49609 0 0
2.49902 0 0
2.50195 0 0
2.50488 0 0
2.50781 0 0
2.51074 0 0
2.51367 0 0
2.5166 0 0
2.51953 0 0
2.52246 0 0
2.52539 0 0
2.52832 0 0
2.53125 0 0
2.53418 0 0
2.53711 0 0
2.54004 0 0
2.54297 0 0
2.5459 0 0
2.54883 0 0
2.55176 0 0
2.55469 0 0
2.55762 0 0
2.56055 0 0
2.56348 0 0
2.56641 0 0
2.56934 0 0
2.57227 0 0
2.5752 0 0
2.57812 0 0
2.58105 0 0
2.58398 0 0
2.58691 0 0
2.58984 0 0
2.59277 0 0
2.5957 0 0
2.59863 0 0
2.60156 0 0
2.60449 0 0
2.60742 0 0
2.61035 0 0
2.61328 0 0
2.61621 0 0
2.61914 0 0
2.62207 0 0
2.625 0 0
2.62793 0 0
2.63086 0 0
2.63379 0 0
2.63672 0 0
2.63965 0 0
2.64258 0 0
2.64551 0 0
2.64844 0 0
2.65137 0 0
2.6543 0 0
2.65723 0 0
2.66016 0 0
2.66309 0 0
2.66602 0 0
2.66895 0 0
2.67188 0 0
2.6748 0 0
2.67773 0 0
2.68066 0 0
2.68359 0 0
2.68652 0 0
2.68945 0 0
2.69238 0 0
2.69531 0 0
2.69824 0 0
2.70117 0 0
2.7041 0 0
2.70703 0 0
2.70996 0 0
2.71289 0 0
2.71582 0 0
2.71875 0 0
2.72168 0 0
2.72461 0 0
2.72754 0 0
2.73047 0 0
2.7334 0 0
2.73633 0 0
2.73926 0 0
2.74219 0 0
2.74512 0 0
2.74805 0 0
2.75098 0 0
2.75391 0 0
2.75684 0 0
2.75977 0 0
2.7627 0 0
2.76562 0 0
2.76855 0 0
2.77148 0 0
2.77441 0 0
2.77734 0 0
2.78027 0 0
2.7832 0 0
2.78613 0 0
2.78906 0 0
2.79199 0 0
2.79492 0 0
2.79785 0 0
2.80078 0 0
2.80371 0 0
2.80664 0 0
2.80957 0 0
2.8125 0 0
2.81543 0 0
2.81836 0 0
2.82129 0 0
2.82422 0 0
2.82715 0 0
2.83008 0 0
2.83301 0 0
2.83594 0 0
2.83887 0 0
2.8418 0 0
2.84473 0 0
2.84766 0 0
2.85059 0 0
2.85352 0 0
2.85645 0 0
2.85938 0 0
2.8623 0 0
2.86523 0 0
2.86816 0 0
2.87109 0 0
2.87402 0 0
2.87695 0 0
2.87988 0 0
2.88281 0 0
2.88574 0 0
2.88867 0 0
2.8916 0 0
2.89453 0 0
2.89746 0 0
2.90039 0 0
2.90332 0 0
2.90625 0 0
2.90918 0 0
2.91211 0 0
2.91504 0 0
2.91797 0 0
2.9209 0 0
2.92383 0 0
2.92676 0 0
2.92969 0 0
2.93262 0 0
2.93555 0 0
2.93848 0 0
2.94141 0 0
2.94434 0 0
2.94727 0 0
2.9502 0 0
2.95312 0 0
2.95605 0 0
2.95898 0 0
2.96191 0 0
2.96484 0 0
2.96777 0 0
2.9707 0 0
2.97363 0 0
2.97656 0 0
2.97949 0 0
2.98242 0 0
2.98535 0 0
2.98828 0 0
2.99121 0 0
2.99414 0 0
2.99707 0 0
3 0 0
3.00293 0 0
3.00586 0 0
3.00879 0 0
3.01172 0 0
3.01465 0 0
3.01758 0 0
3.02051 0 0
3.02344 0 0
3.02637 0 0
3.0293 0 0
3.03223 0 0
3.03516 0 0
3.03809 0 0
3.04102 0 0
3.04395 0 0
3.04688 0 0
3.0498 0 0
3.05273 0 0
3.05566 0 0
3.05859 0 0
3.06152 0 0
3.06445 0 0
3.06738 0 0
3.07031 0 0
3.07324 0 0
3.07617 0 0
3.0791 0 0
3.08203 0 0
3.08496 0 0
3.08789 0 0
3.09082 0 0
3.09375 0 0
3.09668 0 0
3.09961 0 0
3.10254 0 0
3.10547 0 0
3.1084 0 0
3.11133 0 0
3.11426 0 0
3.11719 0 0
3.12012 0 0
3.12305 0 0
3.12598 0 0
3.12891 0 0
3.13184 0 0
3.13477 0 0
3.1377 0 0
3.14062 0 0
3.14355 0 0
3.14648 0 0
3.14941 0 0
3.15234 0 0
3.15527 0 0
3.1582 0 0
3.16113 0 0
3.16406 0 0
3.16699 0 0
3.16992 0 0
3.17285 0 0
3.17578 0 0
3.17871 0 0
3.18164 0 0
3.18457 0 0
3.1875 0 0
3.19043 0 0
3.19336 0 0
3.19629 0 0
3.19922 0 0
3.20215 0 0
3.20508 0 0
3.20801 0 0
3.21094 0 0
3.21387 0 0
3.2168 0 0
3.21973 0 0
3.22266 0 0
3.22559 0 0
3.22852 0 0
3.23145 0 0
3.23438 0 0
3.2373 0 0
3.24023 0 0
3.24316 0 0
3.24609 0 0
3.24902 0 0
3.25195 0 0
3.25488 0 0
3.25781 0 0
3.26074 0 0
3.26367 0 0
3.2666 0 0
3.26953 0 0
3.27246 0 0
3.27539 0 0
3.27832 0 0
3.28125 0 0
3.28418 0 0
3.28711 0 0
3.29004 0 0
3.29297 0 0
3.2959 0 0
3.29883 0 0
3.30176 0 0
3.30469 0 0
3.30762 0 0
3.31055 0 0
3.31348 0 0
3.31641 0 0
3.31934 0 0
3.32227 0 0
3.3252 0 0
3.32812 0 0
3.33105 0 0
3.33398 0 0
3.33691 0 0
3.33984 0 0
3.34277 0 0
3.3457 0 0
3.34863 0 0
3.35156 0 0
3.35449 0 0
3.35742 0 0
3.36035 0 0
3.36328 0 0
3.36621 0 0
3.36914 0 0
3.37207 0 0
3.375 0 0
3.37793 0 0
3.38086 0 0
3.38379 0 0
3.38672 0 0
3.38965 0 0
3.39258 0 0
3.39551 0 0
3.39844 0 0
3.40137 0 0
3.4043 0 0
3.40723 0 0
3.41016 0 0
3.41309 0 0
3.41602 0 0
3.41895 0 0
3.42188 0 0
3.4248 0 0
3.42773 0 0
3.43066 0 0
3.43359 0 0
3.43652 0 0
3.43945 0 0
3.44238 0 0
3.44531 0 0
3.44824 0 0
3.45117 0 0
3.4541 0 0
3.45703 0 0
3.45996 0 0
3.46289 0 0
3.46582 0 0
3.46875 0 0
3.47168 0 0
3.47461 0 0
3.47754 0 0
3.48047 0 0
3.4834 0 0
3.48633 0 0
3.48926 0 0
3.49219 0 0
3.49512 0 0
3.49805 0 0
3.50098 0 0
3.50391 0 0
3.50684 0 0
3.50977 0 0
3.5127 0 0
3.51562 0 0
3.51855 0 0
3.52148 0 0
3.52441 0 0
3.52734 0 0
3.53027 0 0
3.5332 0 0
3.53613 0 0
3.53906 0 0
3.54199 0 0
3.54492 0 0
3.54785 0 0
3.55078 0 0
3.55371 0 0
3.55664 0 0
3.55957 0 0
3.5625 0 0
3.56543 0 0
3.56836 0 0
3.57129 0 0
3.57422 0 0
3.57715 0 0
3.58008 0 0
3.58301 0 0
3.58594 0 0
3.58887 0 0
3.5918 0 0
3.59473 0 0
3.59766 0 0
3.60059 0 0
3.60352 0 0
3.60645 0 0
3.60938 0 0
3.6123 0 0
3.61523 0 0
3.61816 0 0
3.62109 0 0
3.62402 0 0
3.62695 0 0
3.62988 0 0
3.63281 0 0
3.63574 0 0
3.63867 0 0
3.6416 0 0
3.64453 0 0
3.64746 0 0
3.65039 0 0
3.65332 0 0
3.65625 0 0
3.65918 0 0
3.66211 0 0
3.66504 0 0
3.66797 0 0
3.6709 0 0
3.67383 0 0
3.67676 0 0
3.67969 0 0
3.68262 0 0
3.68555 0 0
3.68848 0 0
3.69141 0 0
3.69434 0 0
3.69727 0 0
3.7002 0 0
3.70312 0 0
3.70605 0 0
3.70898 0 0
3.71191 0 0
3.71484 0 0
3.71777 0 0
3.7207 0 0
3.72363 0 0
3.72656 0 0
3.72949 0 0
3.73242 0 0
3.73535 0 0
3.73828 0 0
3.74121 0 0
3.74414 0 0
3.74707 0 0
3.75 0 0
3.75293 0 0
3.75586 0 0
3.75879 0 0
3.76172 0 0
3.76465 0 0
3.76758 0 0
3.77051 0 0
3.77344 0 0
3.77637 0 0
3.7793 0 0
3.78223 0 0
3.78516 0 0
3.78809 0 0
3.79102 0 0
3.79395 0 0
3.79688 0 0
3.7998 0 0
3.80273 0 0
3.80566 0 0
3.80859 0 0
3.81152 0 0
3.81445 0 0
3.81738 0 0
3.82031 0 0
3.82324 0 0
3.82617 0 0
3.8291 0 0
3.83203 0 0
3.83496 0 0
3.83789 0 0
3.84082 0 0
3.84375 0 0
3.84668 0 0
3.84961 0 0
3.85254 0 0
3.85547 0 0
3.8584 0 0
3.86133 0 0
3.86426 0 0
3.86719 0 0
3.87012 0 0
3.87305 0 0
3.87598 0 0
3.87891 0 0
3.88184 0 0
3.88477 0 0
3.8877 0 0
3.89062 0 0
3.89355 0 0
3.89648 0 0
3.89941 0 0
3.90234 0 0
3.90527 0 0
3.9082 0 0
3.91113 0 0
3.91406 0 0
3.91699 0 0
3.91992 0 0
3.92285 0 0
3.92578 0 0
3.92871 0 0
3.93164 0 0
3.93457 0 0
3.9375 0 0
3.94043 0 0
3.94336 0 0
3.94629 0 0
3.94922 0 0
3.95215 0 0
3.95508 0 0
3.95801 0 0
3.96094 0 0
3.96387 0 0
3.9668 0 0
3.96973 0 0
3.97266 0 0
3.97559 0 0
3.97852 0 0
3.98145 0 0
3.98438 0 0
3.9873 0 0
3.99023 0 0
3.99316 0 0
3.99609 0 0
3.99902 0 0
4.00195 0 0
4.00488 0 0
4.00781 0 0
4.01074 0 0
4.01367 0 0
4.0166 0 0
4.01953 0 0
4.02246 0 0
4.02539 0 0
4.02832 0 0
4.03125 0 0
4.03418 0 0
4.03711 0 0
4.04004 0 0
4.04297 0 0
4.0459 0 0
4.04883 0 0
4.05176 0 0
4.05469 0 0
4.05762 0 0
4.06055 0 0
4.06348 0 0
4.06641 0 0
4.06934 0 0
4.07227 0 0
4.0752 0 0
4.07812 0 0
4.08105 0 0
4.08398 0 0
4.08691 0 0
4.08984 0 0
4.09277 0 0
4.0957 0 0
4.09863 0 0
4.10156 0 0
4.10449 0 0
4.10742 0 0
4.11035 0 0
4.11328 0 0
4.11621 0 0
4.11914 0 0
4.12207 0 0
4.125 0 0
4.12793 0 0
4.13086 0 0
4.13379 0 0
4.13672 0 0
4.13965 0 0
4.14258 0 0
4.14551 0 0
4.14844 0 0
4.15137 0 0
4.1543 0 0
4.15723 0 0
4.16016 0 0
4.16309 0 0
4.16602 0 0
4.16895 0 0
4.17188 0 0
4.1748 0 0
4.17773 0 0
4.18066 0 0
4.18359 0 0
4.18652 0 0
4.18945 0 0
4.19238 0 0
4.19531 0 0
4.19824 0 0
4.20117 0 0
4.2041 0 0
4.20703 0 0
4.20996 0 0
4.21289 0 0
4.21582 0 0
4.21875 0 0
4.22168 0 0
4.22461 0 0
4.22754 0 0
4.23047 0 0
4.2334 0 0
4.23633 0 0
4.23926 0 0
4.24219 0 0
4.24512 0 0
4.24805 0 0
4.25098 0 0
4.25391 0 0
4.25684 0 0
4.25977 0 0
4.2627 0 0
4.26562 0 0
4.26855 0 0
4.27148 0 0
4.27441 0 0
4.27734 0 0
4.28027 0 0
4.2832 0 0
4.28613 0 0
4.28906 0 0
4.29199 0 0
4.29492 0 0
4.29785 0 0
4.30078 0 0
4.30371 0 0
4.30664 0 0
4.30957 0 0
4.3125 0 0
4.31543 0 0
4.31836 0 0
4.32129 0 0
4.32422 0 0
4.32715 0 0
4.33008 0 0
4.33301 0 0
4.33594 0 0
4.33887 0 0
4.3418 0 0
4.34473 0 0
4.34766 0 0
4.35059 0 0
4.35352 0 0
4.35645 0 0
4.35938 0 0
4.3623 0 0
4.36523 0 0
4.36816 0 0
4.37109 0 0
4.37402 0 0
4.37695 0 0
4.37988 0 0
4.38281 0 0
4.38574 0 0
4.38867 0 0
4.3916 0 0
4.39453 0 0
4.39746 0 0
4.40039 0 0
4.40332 0 0
4.40625 0 0
4.40918 0 0
4.41211 0 0
4.41504 0 0
4.41797 0 0
4.4209 0 0
4.42383 0 0
4.42676 0 0
4.42969 0 0
4.43262 0 0
4.43555 0 0
4.43848 0 0
4.44141 0 0
4.44434 0 0
4.44727 0 0
4.4502 0 0
4.45312 0 0
4.45605 0 0
4.45898 0 0
4.46191 0 0
4.46484 0 0
4.46777 0 0
4.4707 0 0
4.47363 0 0
4.47656 0 0
4.47949 0 0
4.48242 0 0
4.48535 0 0
4.48828 0 0
4.49121 0 0
4.49414 0 0
4.49707 0 0
4.5 0 0
4.50293 0 0
4.50586 0 0
4.50879 0 0
4.51172 0 0
4.51465 0 0
4.51758 0 0
4.52051 0 0
4.52344 0 0
4.52637 0 0
4.5293 0 0
4.53223 0 0
4.53516 0 0
4.53809 0 0
4.54102 0 0
4.54395 0 0
4.54688 0 0
4.5498 0 0
4.55273 0 0
4.55566 0 0
4.55859 0 0
4.56152 0 0
4.56445 0 0
4.56738 0 0
4.57031 0 0
4.57324 0 0
4.57617 0 0
4.5791 0 0
4.58203 0 0
4.58496 0 0
4.58789 0 0
4.59082 0 0
4.59375 0 0
4.59668 0 0
4.59961 0 0
4.60254 0 0
4.60547 0 0
4.6084 0 0
4.61133 0 0
4.61426 0 0
4.61719 0 0
4.62012 0 0
4.62305 0 0
4.62598 0 0
4.62891 0 0
4.63184 0 0
4.63477 0 0
4.6377 0 0
4.64062 0 0
4.64355 0 0
4.64648 0 0
4.64941 0 0
4.65234 0 0
4.65527 0 0
4.6582 0 0
4.66113 0 0
4.66406 0 0
4.66699 0 0
4.66992 0 0
4.67285 0 0
4.67578 0 0
4.67871 0 0
4.68164 0 0
4.68457 0 0
4.6875 0 0
4.69043 0 0
4.69336 0 0
4.69629 0 0
4.69922 0 0
4.70215 0 0
4.70508 0 0
4.70801 0 0
4.71094 0 0
4.71387 0 0
4.7168 0 0
4.71973 0 0
4.72266 0 0
4.72559 0 0
4.72852 0 0
4.73145 0 0
4.73438 0 0
4.7373 0 0
4.74023 0 0
4.74316 0 0
4.74609 0 0
4.74902 0 0
4.75195 0 0
4.75488 0 0
4.75781 0 0
4.76074 0 0
4.76367 0 0
4.7666 0 0
4.76953 0 0
4.77246 0 0
4.77539 0 0
4.77832 0 0
4.78125 0 0
4.78418 0 0
4.78711 0 0
4.79004 0 0
4.79297 0 0
4.7959 0 0
4.79883 0 0
4.80176 0 0
4.80469 0 0
4.80762 0 0
4.81055 0 0
4.81348 0 0
4.81641 0 0
4.81934 0 0
4.82227 0 0
4.8252 0 0
4.82812 0 0
4.83105 0 0
4.83398 0 0
4.83691 0 0
4.83984 0 0
4.84277 0 0
4.8457 0 0
4.84863 0 0
4.85156 0 0
4.85449 0 0
4.85742 0 0
4.86035 0 0
4.86328 0 0
4.86621 0 0
4.86914 0 0
4.87207 0 0
4.875 0 0
4.87793 0 0
4.88086 0 0
4.88379 0 0
4.88672 0 0
4.88965 0 0
4.89258 0 0
4.89551 0 0
4.89844 0 0
4.90137 0 0
4.9043 0 0
4.90723 0 0
4.91016 0 0
4.91309 0 0
4.91602 0 0
4.91895 0 0
4.92188 0 0
4.9248 0 0
4.92773 0 0
4.93066 0 0
4.93359 0 0
4.93652 0 0
4.93945 0 0
4.94238 0 0
4.94531 0 0
4.94824 0 0
4.95117 0 0
4.9541 0 0
4.95703 0 0
4.95996 0 0
4.96289 0 0
4.96582 0 0
4.96875 0 0
4.97168 0 0
4.97461 0 0
4.97754 0 0
4.98047 0 0
4.9834 0 0
4.98633 0 0
4.98926 0 0
4.99219 0 0
4.99512 0 0
4.99805 0 0
5.00098 0 0
5.00391 0 0
5.00684 0 0
5.00977 0 0
5.0127 0 0
5.01562 0 0
5.01855 0 0
5.02148 0 0
5.02441 0 0
5.02734 0 0
5.03027 0 0
5.0332 0 0
5.03613 0 0
5.03906 0 0
5.04199 0 0
5.04492 0 0
5.04785 0 0
5.05078 0 0
5.05371 0 0
5.05664 0 0
5.05957 0 0
5.0625 0 0
5.06543 0 0
5.06836 0 0
5.07129 0 0
5.07422 0 0
5.07715 0 0
5.08008 0 0
5.08301 0 0
5.08594 0 0
5.08887 0 0
5.0918 0 0
5.09473 0 0
5.09766 0 0
5.10059 0 0
5.10352 0 0
5.10645 0 0
5.10938 0 0
5.1123 0 0
5.11523 0 0
5.11816 0 0
5.12109 0 0
5.12402 0 0
5.12695 0 0
5.12988 0 0
5.13281 0 0
5.13574 0 0
5.13867 0 0
5.1416 0 0
5.14453 0 0
5.14746 0 0
5.15039 0 0
5.15332 0 0
5.15625 0 0
5.15918 0 0
5.16211 0 0
5.16504 0 0
5.16797 0 0
5.1709 0 0
5.17383 0 0
5.17676 0 0
5.17969 0 0
5.18262 0 0
5.18555 0 0
5.18848 0 0
5.19141 0 0
5.19434 0 0
5.19727 0 0
5.2002 0 0
5.20312 0 0
5.20605 0 0
5.20898 0 0
5.21191 0 0
5.21484 0 0
5.21777 0 0
5.2207 0 0
5.22363 0 0
5.22656 0 0
5.22949 0 0
5.23242 0 0
5.23535 0 0
5.23828 0 0
5.24121 0 0
5.24414 0 0
5.24707 0 0
5.25 0 0
5.25293 0 0
5.25586 0 0
5.25879 0 0
5.26172 0 0
5.26465 0 0
5.26758 0 0
5.27051 0 0
5.27344 0 0
5.27637 0 0
5.2793 0 0
5.28223 0 0
5.28516 0 0
5.28809 0 0
5.29102 0 0
5.29395 0 0
5.29688 0 0
5.2998 0 0
5.30273 0 0
5.30566 0 0
5.30859 0 0
5.31152 0 0
5.31445 0 0
5.31738 0 0
5.32031 0 0
5.32324 0 0
5.32617 0 0
5.3291 0 0
5.33203 0 0
5.33496 0 0
5.33789 0 0
5.34082 0 0
5.34375 0 0
5.34668 0 0
5.34961 0 0
5.35254 0 0
5.35547 0 0
5.3584 0 0
5.36133 0 0
5.36426 0 0
5.36719 0 0
5.37012 0 0
5.37305 0 0
5.37598 0 0
5.37891 0 0
5.38184 0 0
5.38477 0 0
5.3877 0 0
5.39062 0 0
5.39355 0 0
5.39648 0 0
5.39941 0 0
5.40234 0 0
5.40527 0 0
5.4082 0 0
5.41113 0 0
5.41406 0 0
5.41699 0 0
5.41992 0 0
5.42285 0 0
5.42578 0 0
5.42871 0 0
5.43164 0 0
5.43457 0 0
5.4375 0 0
5.44043 0 0
5.44336 0 0
5.44629 0 0
5.44922 0 0
5.45215 0 0
5.45508 0 0
5.45801 0 0
5.46094 0 0
5.46387 0 0
5.4668 0 0
5.46973 0 0
5.47266 0 0
5.47559 0 0
5.47852 0 0
5.48145 0 0
5.48438 0 0
5.4873 0 0
5.49023 0 0
5.49316 0 0
5.49609 0 0
5.49902 0 0
5.50195 0 0
5.50488 0 0
5.50781 0 0
5.51074 0 0
5.51367 0 0
5.5166 0 0
5.51953 0 0
5.52246 0 0
5.52539 0 0
5.52832 0 0
5.53125 0 0
5.53418 0 0
5.53711 0 0
5.54004 0 0
5.54297 0 0
5.5459 0 0
5.54883 0 0
5.55176 0 0
5.55469 0 0
5.55762 0 0
5.56055 0 0
5.56348 0 0
5.56641 0 0
5.56934 0 0
5.57227 0 0
5.5752 0 0
5.57812 0 0
5.58105 0 0
5.58398 0 0
5.58691 0 0
5.58984 0 0
5.59277 0 0
5.5957 0 0
5.59863 0 0
5.60156 0 0
5.60449 0 0
5.60742 0 0
5.61035 0 0
5.61328 0 0
5.61621 0 0
5.61914 0 0
5.62207 0 0
5.625 0 0
5.62793 0 0
5.63086 0 0
5.63379 0 0
5.63672 0 0
5.63965 0 0
5.64258 0 0
5.64551 0 0
5.64844 0 0
5.65137 0 0
5.6543 0 0
5.65723 0 0
5.66016 0 0
5.66309 0 0
5.66602 0 0
5.66895 0 0
5.67188 0 0
5.6748 0 0
5.67773 0 0
5.68066 0 0
5.68359 0 0
5.68652 0 0
5.68945 0 0
5.69238 0 0
5.69531 0 0
5.69824 0 0
5.70117 0 0
5.7041 0 0
5.70703 0 0
5.70996 0 0
5.71289 0 0
5.71582 0 0
5.71875 0 0
5.72168 0 0
5.72461 0 0
5.72754 0 0
5.73047 0 0
5.7334 0 0
5.73633 0 0
5.73926 0 0
5.74219 0 0
5.74512 0 0
5.74805 0 0
5.75098 0 0
5.75391 0 0
5.75684 0 0
5.75977 0 0
5.7627 0 0
5.76562 0 0
5.76855 0 0
5.77148 0 0
5.77441 0 0
5.77734 0 0
5.78027 0 0
5.7832 0 0
5.78613 0 0
5.78906 0 0
5.79199 0 0
5.79492 0 0
5.79785 0 0
5.80078 0 0
5.80371 0 0
5.80664 0 0
5.80957 0 0
5.8125 0 0
5.81543 0 0
5.81836 0 0
5.82129 0 0
5.82422 0 0
5.82715 0 0
5.83008 0 0
5.83301 0 0
5.83594 0 0
5.83887 0 0
5.8418 0 0
5.84473 0 0
5.84766 0 0
5.85059 0 0
5.85352 0 0
5.85645 0 0
5.85938 0 0
5.8623 0 0
5.86523 0 0
5.86816 0 0
5.87109 0 0
5.87402 0 0
5.87695 0 0
5.87988 0 0
5.88281 0 0
5.88574 0 0
5.88867 0 0
5.8916 0 0
5.89453 0 0
5.89746 0 0
5.90039 0 0
5.90332 0 0
5.90625 0 0
5.90918 0 0
5.91211 0 0
5.91504 0 0
5.91797 0 0
5.9209 0 0
5.92383 0 0
5.92676 0 0
5.92969 0 0
5.93262 0 0
5.93555 0 0
5.93848 0 0
5.94141 0 0
5.94434 0 0
5.94727 0 0
5.9502 0 0
5.95312 0 0
5.95605 0 0
5.95898 0 0
5.96191 0 0
5.96484 0 0
5.96777 0 0
5.9707 0 0
5.97363 0 0
5.97656 0 0
5.97949 0 0
5.98242 0 0
5.98535 0 0
5.98828 0 0
5.99121 0 0
5.99414 0 0
5.99707 0 0
